      0.00       5.68
  86400.00       0.20
 172800.00       0.50
 259200.00       0.50
 345600.00       1.79
 432000.00       3.89
 518400.00       6.58
 604800.00       0.10
 691200.00       0.00
 777600.00       0.00
 864000.00       0.00
 950400.00       0.00
1036800.00       0.00
1123200.00       0.00
1209600.00       0.00
1296000.00       0.20
1382400.00       1.60
1468800.00       7.08
1555200.00       0.60
1641600.00       0.30
1728000.00       0.20
1814400.00       8.97
1900800.00       8.58
1987200.00       5.18
2073600.00       0.40
2160000.00      11.37
2246400.00       1.10
2332800.00       1.10
2419200.00       0.50
2505600.00       0.00
2592000.00       2.29
2678400.00      10.88
2764800.00       0.40
2851200.00       6.09
2937600.00       9.58
3024000.00       2.30
3110400.00      10.88
3196800.00       3.49
3283200.00       1.10
3369600.00       1.90
3456000.00       3.19
3542400.00       0.00
3628800.00       1.00
3715200.00       0.10
3801600.00       0.00
3888000.00       0.00
3974400.00       0.00
4060800.00       0.00
4147200.00       0.30
4233600.00       0.70
4320000.00       0.00
4406400.00       0.00
4492800.00       0.00
4579200.00       0.00
4665600.00       0.00
4752000.00       0.00
4838400.00       0.00
4924800.00       0.00
5011200.00       1.70
5097600.00       3.19
5184000.00       0.30
5270400.00       1.40
5356800.00       0.90
5443200.00       0.70
5529600.00       0.00
5616000.00       0.00
5702400.00       0.00
5788800.00       0.00
5875200.00       0.00
5961600.00       0.00
6048000.00       0.00
6134400.00       2.60
6220800.00       1.90
6307200.00      10.40
6393600.00       3.60
6480000.00       0.90
6566400.00       0.00
6652800.00       6.40
6739200.00       1.70
6825600.00       0.00
6912000.00       0.00
6998400.00       0.40
7084800.00       6.20
7171200.00       2.50
7257600.00       0.00
7344000.00       0.00
7430400.00       0.10
7516800.00       0.00
7603200.00       1.00
7689600.00       0.00
7776000.00       5.50
7862400.00       0.00
7948800.00       0.60
8035200.00       4.47
8121600.00       1.29
8208000.00       5.36
8294400.00       9.23
8380800.00       1.99
8467200.00       1.89
8553600.00       7.15
8640000.00       1.99
8726400.00       7.15
8812800.00       2.98
8899200.00       0.30
8985600.00       1.79
9072000.00       1.69
9158400.00       0.40
9244800.00       6.45
9331200.00       3.38
9417600.00       9.33
9504000.00       3.87
9590400.00       0.79
9676800.00       0.20
9763200.00       3.48
9849600.00       0.40
9936000.00       1.89
10022400.00       6.06
10108800.00       0.79
10195200.00       0.30
10281600.00       0.00
10368000.00       0.00
10454400.00       0.00
10540800.00       0.00
10627200.00       0.00
10713600.00       0.00
10800000.00       0.00
10886400.00       0.00
10972800.00       0.00
11059200.00       0.00
11145600.00       0.00
11232000.00       0.00
11318400.00       0.00
11404800.00       0.00
11491200.00       0.00
11577600.00       0.00
11664000.00       3.77
11750400.00       5.75
11836800.00       5.06
11923200.00       4.06
12009600.00      14.47
12096000.00       9.91
12182400.00       5.06
12268800.00       3.37
12355200.00       0.99
12441600.00       0.10
12528000.00       2.38
12614400.00       0.00
12700800.00       2.38
12787200.00       0.30
12873600.00       3.57
12960000.00       6.44
13046400.00       1.09
13132800.00       0.10
13219200.00       3.95
13305600.00       0.99
13392000.00       0.20
13478400.00       1.88
13564800.00       0.00
13651200.00       0.10
13737600.00       0.00
13824000.00       0.00
13910400.00       1.98
13996800.00       0.00
14083200.00       2.27
14169600.00       0.40
14256000.00       0.20
14342400.00       0.00
14428800.00       0.00
14515200.00       0.00
14601600.00       1.19
14688000.00       0.00
14774400.00       0.00
14860800.00       0.00
14947200.00       8.50
15033600.00       3.66
15120000.00       0.10
15206400.00       3.66
15292800.00      17.19
15379200.00       2.57
15465600.00       0.00
15552000.00       0.00
15638400.00       0.00
15724800.00       0.00
15811200.00       0.00
