      0.00       0.00
  86400.00       0.80
 172800.00       5.70
 259200.00      15.00
 345600.00       3.50
 432000.00       6.60
 518400.00       3.10
 604800.00       0.20
 691200.00       0.20
 777600.00       1.00
 864000.00       2.20
 950400.00       0.00
1036800.00       0.90
1123200.00       0.50
1209600.00       0.10
1296000.00       0.00
1382400.00       0.00
1468800.00       0.00
1555200.00       0.00
1641600.00       0.00
1728000.00       0.00
1814400.00       0.00
1900800.00       0.00
1987200.00       0.00
2073600.00       2.90
2160000.00       3.20
2246400.00       4.80
2332800.00       0.80
2419200.00       0.50
2505600.00       0.60
2592000.00       4.30
2678400.00       0.40
2764800.00       0.40
2851200.00       1.40
2937600.00       3.29
3024000.00       4.49
3110400.00       2.80
3196800.00       2.70
3283200.00       0.70
3369600.00       5.59
3456000.00       3.89
3542400.00       3.09
3628800.00       0.70
3715200.00       8.88
3801600.00       0.30
3888000.00       0.40
3974400.00       0.00
4060800.00       0.30
4147200.00       0.10
4233600.00       0.80
4320000.00       0.00
4406400.00       0.00
4492800.00       0.00
4579200.00       0.00
4665600.00       0.00
4752000.00       0.00
4838400.00       0.10
4924800.00       0.00
5011200.00       9.18
5097600.00       7.59
5184000.00       0.10
5270400.00       2.69
5356800.00       0.40
5443200.00       0.00
5529600.00       1.59
5616000.00       2.59
5702400.00       1.49
5788800.00       0.00
5875200.00       5.28
5961600.00       5.78
6048000.00       1.39
6134400.00       5.78
6220800.00       0.90
6307200.00       1.20
6393600.00       0.60
6480000.00       0.80
6566400.00       0.50
6652800.00       0.40
6739200.00       2.39
6825600.00       0.00
6912000.00       2.49
6998400.00       0.50
7084800.00       0.90
7171200.00       2.99
7257600.00       0.90
7344000.00       2.89
7430400.00       4.78
7516800.00       0.40
7603200.00       0.40
7689600.00       1.20
7776000.00       0.80
7862400.00       2.49
7948800.00       0.81
8035200.00       0.50
8121600.00       3.73
8208000.00       5.34
8294400.00       0.00
8380800.00       0.40
8467200.00       0.60
8553600.00       1.21
8640000.00       3.73
8726400.00       8.26
8812800.00       2.92
8899200.00       0.20
8985600.00       0.00
9072000.00       0.00
9158400.00       0.10
9244800.00       0.00
9331200.00       0.50
9417600.00       4.13
9504000.00       1.71
9590400.00       0.10
9676800.00       0.50
9763200.00       0.50
9849600.00       0.10
9936000.00       0.00
10022400.00       0.00
10108800.00       0.00
10195200.00       2.82
10281600.00       0.00
10368000.00       0.20
10454400.00       1.01
10540800.00       0.20
10627200.00       2.79
10713600.00       0.10
10800000.00       0.00
10886400.00       0.00
10972800.00       0.10
11059200.00       3.89
11145600.00       6.48
11232000.00       0.00
11318400.00       0.00
11404800.00       0.00
11491200.00       0.00
11577600.00       0.00
11664000.00       0.00
11750400.00       0.00
11836800.00       0.00
11923200.00       0.20
12009600.00       0.50
12096000.00       0.00
12182400.00       1.20
12268800.00       2.29
12355200.00       1.10
12441600.00       2.09
12528000.00       1.50
12614400.00       0.10
12700800.00       0.00
12787200.00       0.00
12873600.00       0.00
12960000.00       0.00
13046400.00       1.00
13132800.00       9.87
13219200.00       9.10
13305600.00       0.00
13392000.00       0.00
13478400.00       0.80
13564800.00       0.10
13651200.00       4.70
13737600.00       2.00
13824000.00       0.30
13910400.00       0.20
13996800.00       0.00
14083200.00       0.00
14169600.00       1.20
14256000.00       0.00
14342400.00       0.00
14428800.00       0.00
14515200.00       0.00
14601600.00       0.00
14688000.00       0.00
14774400.00       0.00
14860800.00       0.00
14947200.00       0.00
15033600.00       0.00
15120000.00       0.00
15206400.00       0.00
15292800.00       0.00
15379200.00       0.00
15465600.00       0.00
15552000.00       0.00
15638400.00       0.00
15724800.00       0.00
15811200.00       0.00
