      0.00       0.78
  86400.00       0.93
 172800.00       3.76
 259200.00       0.38
 345600.00       5.71
 432000.00       0.08
 518400.00       9.31
 604800.00       5.64
 691200.00       3.55
 777600.00       0.56
 864000.00       4.67
 950400.00       1.27
1036800.00       0.16
1123200.00       0.21
1209600.00       0.10
1296000.00       0.01
1382400.00      10.52
1468800.00       0.26
1555200.00      10.44
1641600.00       1.17
1728000.00       0.35
1814400.00       5.63
1900800.00       0.15
1987200.00       5.17
2073600.00       0.90
2160000.00      10.53
2246400.00       4.63
2332800.00      11.77
2419200.00       3.08
2505600.00       2.93
2592000.00       0.51
2678400.00       3.79
2764800.00       6.59
2851200.00       0.05
2937600.00       0.07
3024000.00       0.00
3110400.00       0.02
3196800.00       2.61
3283200.00       1.23
3369600.00       2.14
3456000.00       0.04
3542400.00       0.00
3628800.00       0.24
3715200.00       0.17
3801600.00       0.13
3888000.00       0.00
3974400.00       0.02
4060800.00       0.03
4147200.00       9.17
4233600.00       0.27
4320000.00       0.20
4406400.00       0.11
4492800.00       0.24
4579200.00       0.04
4665600.00       0.03
4752000.00       0.01
4838400.00       6.44
4924800.00       9.30
5011200.00       1.25
5097600.00       4.47
5184000.00       3.46
5270400.00       0.25
5356800.00       0.23
5443200.00       1.24
5529600.00       0.44
5616000.00       0.88
5702400.00       0.15
5788800.00       3.71
5875200.00       0.67
5961600.00       0.01
6048000.00       0.74
6134400.00       0.44
6220800.00       2.87
6307200.00       4.19
6393600.00       1.46
6480000.00       0.06
6566400.00       7.14
6652800.00      11.99
6739200.00       1.79
6825600.00       0.11
6912000.00       0.10
6998400.00       0.72
7084800.00       0.54
7171200.00       0.04
7257600.00       1.66
7344000.00       2.44
7430400.00       0.93
7516800.00       1.18
7603200.00       1.48
7689600.00       0.20
7776000.00       0.63
7862400.00       0.84
7948800.00       1.25
8035200.00       3.01
8121600.00       2.77
8208000.00       1.03
8294400.00       0.08
8380800.00       1.33
8467200.00       8.83
8553600.00       0.13
8640000.00       0.01
8726400.00       2.49
8812800.00       0.42
8899200.00       0.28
8985600.00       0.04
9072000.00       0.03
9158400.00       0.87
9244800.00      10.19
9331200.00       1.64
9417600.00       0.39
9504000.00       0.12
9590400.00       0.77
9676800.00       0.06
9763200.00       3.17
9849600.00       3.41
9936000.00       0.42
10022400.00       5.24
10108800.00       0.09
10195200.00       1.34
10281600.00       0.22
10368000.00       0.08
10454400.00       0.03
10540800.00       0.64
10627200.00       8.84
10713600.00       6.47
10800000.00       0.37
10886400.00       0.71
10972800.00       0.02
11059200.00       0.65
11145600.00       0.10
11232000.00       0.17
11318400.00       7.60
11404800.00      15.53
11491200.00       0.08
11577600.00       0.02
11664000.00       0.79
11750400.00       0.12
11836800.00       0.91
11923200.00       4.45
12009600.00       1.48
12096000.00       0.05
12182400.00       4.99
12268800.00       2.35
12355200.00       0.06
12441600.00       0.06
12528000.00       0.09
12614400.00       2.76
12700800.00       3.56
12787200.00       7.13
12873600.00       0.05
12960000.00       0.66
13046400.00       0.22
13132800.00       1.04
13219200.00       1.03
13305600.00       0.30
13392000.00       0.10
13478400.00       0.53
13564800.00       3.03
13651200.00       0.08
13737600.00       0.01
13824000.00       1.63
13910400.00       1.75
13996800.00      12.30
14083200.00      18.67
14169600.00       0.35
14256000.00       0.04
14342400.00       0.09
14428800.00       0.32
14515200.00       0.02
14601600.00       0.10
14688000.00       4.72
14774400.00       0.30
14860800.00       8.23
14947200.00       1.42
15033600.00      15.29
15120000.00       2.20
15206400.00       0.87
15292800.00       0.09
15379200.00       5.51
15465600.00       1.08
15552000.00       0.05
15638400.00       0.05
15724800.00       1.47
15811200.00       0.01
15897600.00       0.02
15984000.00       0.08
