      0.00       6.63
  86400.00       1.13
 172800.00       3.68
 259200.00       9.68
 345600.00       0.55
 432000.00       6.72
 518400.00       2.32
 604800.00       1.23
 691200.00       0.05
 777600.00       0.09
 864000.00       1.34
 950400.00       3.81
1036800.00       0.67
1123200.00       0.85
1209600.00       0.15
1296000.00       1.06
1382400.00       2.05
1468800.00       0.04
1555200.00       3.03
1641600.00       1.60
1728000.00       0.03
1814400.00       0.09
1900800.00       0.30
1987200.00       1.62
2073600.00       4.85
2160000.00       6.17
2246400.00       0.26
2332800.00       0.12
2419200.00       0.12
2505600.00       0.12
2592000.00       0.27
2678400.00       0.33
2764800.00       0.19
2851200.00       0.11
2937600.00       0.09
3024000.00       0.20
3110400.00       0.06
3196800.00       0.18
3283200.00       0.84
3369600.00       1.73
3456000.00       2.07
3542400.00       1.47
3628800.00       0.74
3715200.00       0.61
3801600.00       0.48
3888000.00       1.38
3974400.00       0.28
4060800.00       0.22
4147200.00       0.51
4233600.00       0.14
4320000.00       0.17
4406400.00       1.21
4492800.00       4.89
4579200.00       0.70
4665600.00       0.20
4752000.00       0.09
4838400.00       0.09
4924800.00       0.07
5011200.00       0.11
5097600.00       0.04
5184000.00       0.04
5270400.00       0.06
5356800.00       0.03
5443200.00       0.07
5529600.00       1.88
5616000.00       0.44
5702400.00       4.23
5788800.00       1.90
5875200.00       3.29
5961600.00       0.65
6048000.00       0.31
6134400.00       0.77
6220800.00       0.13
6307200.00       0.48
6393600.00       1.42
6480000.00       2.38
6566400.00       3.28
6652800.00       2.81
6739200.00       0.17
6825600.00       0.09
6912000.00       1.49
6998400.00       7.82
7084800.00       1.51
7171200.00       1.84
7257600.00       2.23
7344000.00       3.25
7430400.00       0.28
7516800.00       1.27
7603200.00       2.30
7689600.00       5.92
7776000.00       2.01
7862400.00       0.10
7948800.00       0.01
8035200.00       0.07
8121600.00       0.00
8208000.00       0.99
8294400.00       0.11
8380800.00       0.35
8467200.00       0.62
8553600.00       0.63
8640000.00       5.32
8726400.00       1.64
8812800.00       0.38
8899200.00      11.44
8985600.00       4.60
9072000.00       2.55
9158400.00       0.09
9244800.00       2.78
9331200.00       0.21
9417600.00       0.04
9504000.00      11.05
9590400.00       5.78
9676800.00       0.03
9763200.00       0.04
9849600.00       0.01
9936000.00       0.00
10022400.00       1.24
10108800.00       0.55
10195200.00       0.12
10281600.00       0.02
10368000.00       1.62
10454400.00       1.71
10540800.00       0.24
10627200.00       1.90
10713600.00       0.71
10800000.00       0.72
10886400.00       0.07
10972800.00       0.01
11059200.00       0.03
11145600.00       0.34
11232000.00       0.05
11318400.00       0.06
11404800.00       0.30
11491200.00       0.04
11577600.00       0.02
11664000.00       0.05
11750400.00       2.07
11836800.00       4.03
11923200.00       4.01
12009600.00       1.86
12096000.00       0.97
12182400.00       3.66
12268800.00       5.62
12355200.00       7.33
12441600.00       1.96
12528000.00       0.06
12614400.00       0.14
12700800.00       0.87
12787200.00       8.00
12873600.00       0.94
12960000.00       1.14
13046400.00       0.04
13132800.00       0.04
13219200.00       0.08
13305600.00       7.91
13392000.00       1.97
13478400.00       0.75
13564800.00       1.77
13651200.00       0.44
13737600.00       0.05
13824000.00       0.01
13910400.00       1.85
13996800.00       3.61
14083200.00       0.06
14169600.00       0.06
14256000.00       0.19
14342400.00      10.17
14428800.00      12.11
14515200.00       8.02
14601600.00       0.03
14688000.00       0.06
14774400.00       9.02
14860800.00       1.64
14947200.00       8.02
15033600.00       1.54
15120000.00       2.59
15206400.00       1.28
15292800.00       9.91
15379200.00      18.34
15465600.00       5.20
15552000.00       5.75
15638400.00       0.04
15724800.00       1.19
15811200.00       0.34
15897600.00       1.06
15984000.00       1.52
