      0.00       0.00
  86400.00       0.10
 172800.00       7.59
 259200.00       8.09
 345600.00       1.20
 432000.00       0.00
 518400.00       0.00
 604800.00       0.00
 691200.00       0.00
 777600.00       0.60
 864000.00       7.59
 950400.00       0.00
1036800.00       1.80
1123200.00       4.29
1209600.00       0.50
1296000.00       8.59
1382400.00       5.79
1468800.00       5.09
1555200.00       5.09
1641600.00       0.20
1728000.00       0.00
1814400.00       0.00
1900800.00       0.00
1987200.00       0.00
2073600.00       0.00
2160000.00       0.00
2246400.00       0.50
2332800.00       0.00
2419200.00       0.00
2505600.00       6.09
2592000.00       1.80
2678400.00       1.00
2764800.00       0.00
2851200.00       4.60
2937600.00       6.10
3024000.00       1.00
3110400.00       6.60
3196800.00       2.30
3283200.00       7.50
3369600.00       5.90
3456000.00       0.00
3542400.00       0.00
3628800.00       0.00
3715200.00       0.00
3801600.00       0.00
3888000.00       0.00
3974400.00       0.00
4060800.00       0.00
4147200.00       0.00
4233600.00       0.00
4320000.00       0.00
4406400.00       0.00
4492800.00       0.00
4579200.00       0.30
4665600.00       0.00
4752000.00       0.00
4838400.00       0.00
4924800.00       0.00
5011200.00       0.00
5097600.00       0.00
5184000.00       0.00
5270400.00       0.00
5356800.00       0.00
5443200.00       0.00
5529600.00       0.00
5616000.00       0.00
5702400.00       0.00
5788800.00       0.00
5875200.00       0.00
5961600.00       0.00
6048000.00      15.98
6134400.00       0.10
6220800.00       8.39
6307200.00       0.30
6393600.00       0.00
6480000.00       5.89
6566400.00       0.00
6652800.00       1.60
6739200.00       2.10
6825600.00       0.00
6912000.00       1.40
6998400.00       1.50
7084800.00       3.80
7171200.00      12.29
7257600.00       1.70
7344000.00       9.79
7430400.00      10.99
7516800.00       2.70
7603200.00       0.50
7689600.00       2.40
7776000.00       2.00
7862400.00       0.20
7948800.00       0.00
8035200.00       0.00
8121600.00       0.00
8208000.00       0.00
8294400.00       0.00
8380800.00       0.20
8467200.00       0.00
8553600.00       0.00
8640000.00       0.00
8726400.00       0.00
8812800.00       4.57
8899200.00       3.38
8985600.00       0.50
9072000.00       0.10
9158400.00       0.30
9244800.00       0.10
9331200.00       0.00
9417600.00       0.10
9504000.00       0.00
9590400.00       0.00
9676800.00       0.00
9763200.00       0.00
9849600.00       0.00
9936000.00       0.00
10022400.00       0.00
10108800.00       0.00
10195200.00       0.00
10281600.00       0.00
10368000.00       0.00
10454400.00       4.47
10540800.00       0.00
10627200.00       0.00
10713600.00       0.20
10800000.00       1.20
10886400.00       0.00
10972800.00       1.30
11059200.00       3.20
11145600.00       0.20
11232000.00       4.10
11318400.00       7.80
11404800.00       0.00
11491200.00       0.00
11577600.00       5.20
11664000.00       0.00
11750400.00       1.00
11836800.00       0.80
11923200.00       5.00
12009600.00       1.80
12096000.00       0.00
12182400.00       0.00
12268800.00       0.00
12355200.00       0.30
12441600.00       0.10
12528000.00       0.30
12614400.00       0.10
12700800.00      18.00
12787200.00       0.50
12873600.00       0.00
12960000.00       0.00
13046400.00       0.00
13132800.00       0.00
13219200.00       3.90
13305600.00       3.20
13392000.00       2.00
13478400.00       0.00
13564800.00       0.00
13651200.00       0.10
13737600.00       0.80
13824000.00       4.50
13910400.00       1.60
13996800.00       1.50
14083200.00       3.10
14169600.00       1.50
14256000.00       0.00
14342400.00       0.00
14428800.00       9.00
14515200.00       0.20
14601600.00       0.00
14688000.00       0.00
14774400.00       3.40
14860800.00       0.60
14947200.00       3.20
15033600.00       3.20
15120000.00       0.00
15206400.00       0.90
15292800.00      12.10
15379200.00       1.90
15465600.00       0.00
15552000.00       0.00
15638400.00      15.90
15724800.00       2.20
15811200.00       0.50
