      0.00       0.00
  86400.00       0.00
 172800.00       0.00
 259200.00       0.10
 345600.00       0.00
 432000.00       0.10
 518400.00       0.00
 604800.00       3.30
 691200.00      12.60
 777600.00       6.20
 864000.00       6.90
 950400.00       0.20
1036800.00       7.30
1123200.00       3.10
1209600.00       7.60
1296000.00       1.20
1382400.00       9.10
1468800.00       1.40
1555200.00       2.50
1641600.00       0.00
1728000.00       0.00
1814400.00       0.10
1900800.00       0.00
1987200.00       2.20
2073600.00       6.60
2160000.00       0.50
2246400.00       1.60
2332800.00       7.40
2419200.00       4.00
2505600.00       1.10
2592000.00       0.00
2678400.00       0.40
2764800.00       0.10
2851200.00       3.91
2937600.00       0.90
3024000.00       2.01
3110400.00       0.00
3196800.00       0.00
3283200.00       0.20
3369600.00       6.22
3456000.00       1.80
3542400.00       3.01
3628800.00       0.00
3715200.00       0.80
3801600.00       4.41
3888000.00      12.84
3974400.00       3.41
4060800.00       3.61
4147200.00       0.80
4233600.00       1.30
4320000.00       7.32
4406400.00       2.91
4492800.00       0.00
4579200.00       0.10
4665600.00       2.51
4752000.00       0.00
4838400.00       0.00
4924800.00       0.00
5011200.00       4.01
5097600.00       3.41
5184000.00       7.32
5270400.00       3.89
5356800.00       0.30
5443200.00       0.10
5529600.00       0.20
5616000.00       0.40
5702400.00       0.00
5788800.00       0.00
5875200.00       3.39
5961600.00       3.49
6048000.00       1.80
6134400.00       0.10
6220800.00       4.49
6307200.00       0.80
6393600.00       5.69
6480000.00       0.10
6566400.00       0.10
6652800.00       0.00
6739200.00       0.00
6825600.00       0.60
6912000.00       3.09
6998400.00       1.60
7084800.00       0.60
7171200.00       3.19
7257600.00       0.20
7344000.00       0.00
7430400.00       0.00
7516800.00       4.09
7603200.00       2.79
7689600.00       0.60
7776000.00       0.10
7862400.00       0.00
7948800.00       0.00
8035200.00       0.00
8121600.00       0.20
8208000.00       0.90
8294400.00       3.70
8380800.00       1.90
8467200.00       1.30
8553600.00       0.40
8640000.00       0.30
8726400.00       0.00
8812800.00       0.00
8899200.00       4.10
8985600.00       7.80
9072000.00       0.20
9158400.00       0.40
9244800.00       0.30
9331200.00      10.30
9417600.00       2.50
9504000.00       5.10
9590400.00       0.50
9676800.00       0.50
9763200.00       0.00
9849600.00       0.00
9936000.00       4.60
10022400.00       5.50
10108800.00       0.10
10195200.00       2.20
10281600.00       5.10
10368000.00       5.60
10454400.00       2.20
10540800.00       0.50
10627200.00       1.70
10713600.00       0.10
10800000.00       1.30
10886400.00       0.70
10972800.00      20.00
11059200.00       0.10
11145600.00       0.00
11232000.00       0.00
11318400.00       1.50
11404800.00       0.60
11491200.00       0.80
11577600.00       1.20
11664000.00       2.00
11750400.00       3.70
11836800.00       0.00
11923200.00       0.70
12009600.00       0.10
12096000.00       0.00
12182400.00       0.00
12268800.00       0.00
12355200.00       0.00
12441600.00       0.70
12528000.00       1.70
12614400.00       0.90
12700800.00       0.00
12787200.00       0.00
12873600.00       0.00
12960000.00       0.00
13046400.00       0.00
13132800.00       0.00
13219200.00       0.20
13305600.00       3.80
13392000.00      12.01
13478400.00       8.51
13564800.00       0.10
13651200.00       0.00
13737600.00       0.10
13824000.00       0.00
13910400.00       1.00
13996800.00       1.70
14083200.00       0.00
14169600.00       1.30
14256000.00       0.50
14342400.00       0.80
14428800.00       1.40
14515200.00       7.61
14601600.00       9.61
14688000.00       0.00
14774400.00       4.20
14860800.00       2.50
14947200.00       3.30
15033600.00       0.10
15120000.00       3.90
15206400.00       0.20
15292800.00       5.61
15379200.00       0.10
15465600.00       4.00
15552000.00       0.10
15638400.00       0.00
15724800.00       2.80
15811200.00      11.51
