      0.00       4.30
  86400.00       1.46
 172800.00       2.09
 259200.00       1.77
 345600.00       3.78
 432000.00       0.07
 518400.00      16.95
 604800.00       1.42
 691200.00       7.22
 777600.00      13.21
 864000.00       0.79
 950400.00       1.50
1036800.00       0.26
1123200.00       0.01
1209600.00       1.78
1296000.00       4.92
1382400.00       0.12
1468800.00       0.19
1555200.00       0.18
1641600.00       0.04
1728000.00       0.03
1814400.00       8.92
1900800.00       9.46
1987200.00       3.95
2073600.00       4.86
2160000.00       3.27
2246400.00       0.06
2332800.00       0.88
2419200.00       0.61
2505600.00       1.00
2592000.00       5.03
2678400.00       4.59
2764800.00      10.24
2851200.00       3.71
2937600.00       0.11
3024000.00       5.28
3110400.00       6.37
3196800.00      14.00
3283200.00       1.40
3369600.00       0.15
3456000.00       0.00
3542400.00       0.00
3628800.00       0.00
3715200.00       0.06
3801600.00       0.00
3888000.00       0.00
3974400.00       0.00
4060800.00       0.02
4147200.00       0.01
4233600.00       0.03
4320000.00       1.72
4406400.00       0.68
4492800.00       3.62
4579200.00       9.74
4665600.00       4.91
4752000.00       2.00
4838400.00       3.35
4924800.00       3.34
5011200.00       1.20
5097600.00       0.10
5184000.00       0.97
5270400.00       4.34
5356800.00       0.12
5443200.00       0.14
5529600.00       0.46
5616000.00       0.08
5702400.00       0.14
5788800.00       1.34
5875200.00       7.62
5961600.00      28.81
6048000.00       6.42
6134400.00       9.47
6220800.00      19.60
6307200.00       0.01
6393600.00       1.70
6480000.00       5.77
6566400.00       3.14
6652800.00       0.58
6739200.00       0.02
6825600.00       0.03
6912000.00       0.02
6998400.00       0.04
7084800.00       0.01
7171200.00       0.07
7257600.00       2.66
7344000.00       0.32
7430400.00       0.03
7516800.00       0.00
7603200.00       0.01
7689600.00       2.95
7776000.00       9.26
7862400.00       7.38
7948800.00       0.54
8035200.00       0.02
8121600.00       1.96
8208000.00       4.13
8294400.00       5.10
8380800.00       2.33
8467200.00       4.84
8553600.00       0.12
8640000.00       0.67
8726400.00       0.29
8812800.00       4.57
8899200.00       5.92
8985600.00       0.23
9072000.00       1.22
9158400.00       0.15
9244800.00       0.06
9331200.00       0.31
9417600.00       2.26
9504000.00       0.08
9590400.00       0.42
9676800.00       0.05
9763200.00       0.01
9849600.00       0.00
9936000.00       0.00
10022400.00       0.01
10108800.00      10.25
10195200.00       6.94
10281600.00       0.05
10368000.00       0.14
10454400.00       1.26
10540800.00       1.29
10627200.00       4.67
10713600.00      11.85
10800000.00       4.81
10886400.00       1.51
10972800.00       0.03
11059200.00       0.30
11145600.00       2.13
11232000.00       0.21
11318400.00       0.43
11404800.00       1.11
11491200.00       0.38
11577600.00       7.59
11664000.00       3.14
11750400.00       2.86
11836800.00       4.82
11923200.00       0.36
12009600.00      16.57
12096000.00       3.09
12182400.00       2.34
12268800.00       0.17
12355200.00       1.66
12441600.00       2.00
12528000.00       1.07
12614400.00       0.85
12700800.00       4.71
12787200.00       6.32
12873600.00       1.59
12960000.00       0.03
13046400.00       1.08
13132800.00       2.13
13219200.00       1.33
13305600.00       1.04
13392000.00       5.42
13478400.00       0.06
13564800.00       0.05
13651200.00       0.77
13737600.00       4.20
13824000.00       0.85
13910400.00       2.57
13996800.00       6.34
14083200.00      17.98
14169600.00       3.00
14256000.00       2.35
14342400.00       0.05
14428800.00       0.17
14515200.00       1.96
14601600.00       0.09
14688000.00       0.10
14774400.00       0.03
14860800.00       1.02
14947200.00       1.03
15033600.00       1.86
15120000.00       5.76
15206400.00       0.02
15292800.00       0.00
15379200.00       0.00
15465600.00       0.01
15552000.00       0.37
15638400.00       0.05
15724800.00       0.05
15811200.00       0.08
15897600.00       0.40
15984000.00       0.01
