      0.00       0.01
  86400.00       0.02
 172800.00       0.24
 259200.00       0.15
 345600.00       3.67
 432000.00       0.15
 518400.00       0.12
 604800.00       0.71
 691200.00       1.12
 777600.00       1.33
 864000.00       0.67
 950400.00       5.17
1036800.00       4.09
1123200.00       1.35
1209600.00       0.48
1296000.00      12.70
1382400.00      12.21
1468800.00       3.90
1555200.00       1.68
1641600.00       1.43
1728000.00       5.43
1814400.00       1.31
1900800.00       5.59
1987200.00       0.29
2073600.00       0.53
2160000.00       1.28
2246400.00       0.18
2332800.00       0.15
2419200.00       0.09
2505600.00       0.22
2592000.00       0.69
2678400.00       0.08
2764800.00       0.06
2851200.00       4.51
2937600.00       0.56
3024000.00       0.07
3110400.00       0.23
3196800.00       0.14
3283200.00       0.31
3369600.00       0.06
3456000.00       0.15
3542400.00       0.10
3628800.00       0.11
3715200.00       0.00
3801600.00       0.00
3888000.00       0.00
3974400.00       0.00
4060800.00       0.00
4147200.00       0.00
4233600.00       0.16
4320000.00       4.24
4406400.00       0.24
4492800.00       0.91
4579200.00       0.07
4665600.00       0.70
4752000.00       4.58
4838400.00       6.70
4924800.00       1.51
5011200.00       8.96
5097600.00       1.44
5184000.00       1.47
5270400.00       1.52
5356800.00       3.47
5443200.00       0.08
5529600.00       0.98
5616000.00       1.52
5702400.00       4.40
5788800.00       5.59
5875200.00       1.94
5961600.00       4.93
6048000.00       3.51
6134400.00       0.17
6220800.00       0.09
6307200.00       0.60
6393600.00       0.30
6480000.00       0.06
6566400.00       4.26
6652800.00       2.78
6739200.00       0.61
6825600.00       0.59
6912000.00       0.08
6998400.00       0.06
7084800.00       0.74
7171200.00       2.56
7257600.00       0.04
7344000.00       0.01
7430400.00       0.09
7516800.00       0.00
7603200.00       0.02
7689600.00       1.38
7776000.00       6.30
7862400.00       1.91
7948800.00       1.09
8035200.00       0.82
8121600.00       0.02
8208000.00       0.01
8294400.00       0.16
8380800.00       0.01
8467200.00       0.01
8553600.00       0.00
8640000.00       0.00
8726400.00       0.00
8812800.00       0.00
8899200.00       0.00
8985600.00       1.29
9072000.00       0.04
9158400.00       0.09
9244800.00       0.02
9331200.00       0.09
9417600.00       0.12
9504000.00       0.15
9590400.00       3.65
9676800.00       6.88
9763200.00       0.16
9849600.00       0.17
9936000.00       4.66
10022400.00       0.17
10108800.00      18.24
10195200.00       1.41
10281600.00      10.74
10368000.00       3.81
10454400.00       0.72
10540800.00       5.35
10627200.00       0.07
10713600.00       0.42
10800000.00       0.80
10886400.00       7.33
10972800.00       8.25
11059200.00       0.17
11145600.00       1.11
11232000.00       0.32
11318400.00       0.13
11404800.00       0.02
11491200.00       0.00
11577600.00       0.02
11664000.00       0.04
11750400.00       0.00
11836800.00       0.00
11923200.00       0.47
12009600.00       0.09
12096000.00       0.02
12182400.00       0.02
12268800.00       0.02
12355200.00       6.80
12441600.00       4.53
12528000.00       2.97
12614400.00       1.13
12700800.00      10.24
12787200.00      21.59
12873600.00       0.69
12960000.00       2.74
13046400.00      16.96
13132800.00       5.85
13219200.00       3.37
13305600.00       0.65
13392000.00       0.80
13478400.00       0.13
13564800.00       0.05
13651200.00       1.89
13737600.00       1.31
13824000.00       0.76
13910400.00       0.85
13996800.00       1.58
14083200.00       1.60
14169600.00       1.99
14256000.00       0.82
14342400.00       0.02
14428800.00       0.27
14515200.00       1.36
14601600.00       5.50
14688000.00       3.07
14774400.00       2.36
14860800.00       0.02
14947200.00       0.41
15033600.00       0.11
15120000.00       0.03
15206400.00       7.05
15292800.00       1.37
15379200.00       5.57
15465600.00       0.16
15552000.00       0.27
15638400.00       5.48
15724800.00       7.05
15811200.00       0.23
15897600.00       0.06
15984000.00       0.08
