      0.00       0.39
  86400.00       0.41
 172800.00       0.20
 259200.00       0.12
 345600.00       0.02
 432000.00      11.52
 518400.00       0.93
 604800.00       5.68
 691200.00       1.73
 777600.00       1.49
 864000.00       7.02
 950400.00       6.52
1036800.00       0.19
1123200.00       1.50
1209600.00       1.29
1296000.00      12.91
1382400.00      10.89
1468800.00       0.41
1555200.00       0.19
1641600.00      16.37
1728000.00       4.55
1814400.00      10.93
1900800.00       3.28
1987200.00       0.29
2073600.00       0.03
2160000.00       0.58
2246400.00      16.21
2332800.00       4.90
2419200.00       0.77
2505600.00       0.71
2592000.00       0.33
2678400.00       0.07
2764800.00       4.41
2851200.00       8.35
2937600.00       1.07
3024000.00       7.43
3110400.00       1.46
3196800.00       3.02
3283200.00       9.62
3369600.00       0.37
3456000.00       0.58
3542400.00       0.00
3628800.00       0.07
3715200.00       0.00
3801600.00       3.71
3888000.00       0.63
3974400.00       0.05
4060800.00       1.29
4147200.00       0.30
4233600.00       0.59
4320000.00       1.18
4406400.00       0.00
4492800.00       7.36
4579200.00       1.94
4665600.00       4.14
4752000.00       3.22
4838400.00       2.02
4924800.00       2.22
5011200.00       8.97
5097600.00       1.51
5184000.00       0.08
5270400.00       5.30
5356800.00       2.23
5443200.00       0.15
5529600.00       0.00
5616000.00       0.00
5702400.00       0.00
5788800.00       0.00
5875200.00       0.00
5961600.00       1.01
6048000.00       1.46
6134400.00       0.00
6220800.00       0.00
6307200.00       0.31
6393600.00       1.51
6480000.00       7.90
6566400.00       7.86
6652800.00       4.36
6739200.00       0.00
6825600.00       0.00
6912000.00       0.03
6998400.00       0.00
7084800.00       0.00
7171200.00       0.00
7257600.00       0.00
7344000.00       0.00
7430400.00       0.00
7516800.00       0.00
7603200.00       0.04
7689600.00       0.00
7776000.00       0.00
7862400.00       0.00
7948800.00       0.18
8035200.00       0.51
8121600.00       0.00
8208000.00       0.00
8294400.00       0.04
8380800.00       0.67
8467200.00       0.56
8553600.00       0.00
8640000.00       1.84
8726400.00       0.71
8812800.00       0.00
8899200.00       0.00
8985600.00       0.00
9072000.00       2.98
9158400.00      10.79
9244800.00       6.10
9331200.00       0.00
9417600.00       0.00
9504000.00       0.00
9590400.00       0.00
9676800.00       0.00
9763200.00       0.00
9849600.00       0.00
9936000.00       0.00
10022400.00       0.00
10108800.00       0.03
10195200.00       0.06
10281600.00       0.58
10368000.00       0.53
10454400.00       0.21
10540800.00       0.00
10627200.00       0.00
10713600.00       0.00
10800000.00       3.51
10886400.00       2.55
10972800.00       0.50
11059200.00       7.77
11145600.00       0.28
11232000.00       3.49
11318400.00       2.23
11404800.00       0.60
11491200.00       0.67
11577600.00       3.24
11664000.00       1.46
11750400.00       0.16
11836800.00       0.02
11923200.00      17.70
12009600.00       1.98
12096000.00       1.20
12182400.00       4.01
12268800.00       0.04
12355200.00       0.04
12441600.00       0.00
12528000.00       0.00
12614400.00       0.04
12700800.00       0.00
12787200.00       0.00
12873600.00       0.00
12960000.00       0.00
13046400.00       0.00
13132800.00       0.00
13219200.00       0.07
13305600.00      15.47
13392000.00       1.19
13478400.00       6.31
13564800.00       0.40
13651200.00       2.12
13737600.00       1.36
13824000.00       3.83
13910400.00      20.82
13996800.00       0.00
14083200.00       0.52
14169600.00       0.67
14256000.00       0.00
14342400.00       0.02
14428800.00       0.85
14515200.00       0.69
14601600.00       0.00
14688000.00      11.13
14774400.00       4.00
14860800.00       0.04
14947200.00       0.00
15033600.00       0.00
15120000.00       0.33
15206400.00       0.26
15292800.00       0.35
15379200.00       5.23
15465600.00       0.02
15552000.00       0.00
15638400.00       0.32
15724800.00       3.66
15811200.00       3.71
