      0.00       0.00
  86400.00       0.85
 172800.00       3.59
 259200.00       0.00
 345600.00       0.00
 432000.00       0.47
 518400.00       0.00
 604800.00       0.00
 691200.00       2.26
 777600.00       0.00
 864000.00       0.00
 950400.00       0.19
1036800.00       3.59
1123200.00       4.72
1209600.00       6.51
1296000.00       0.19
1382400.00       2.64
1468800.00       5.94
1555200.00       5.19
1641600.00      13.02
1728000.00       0.28
1814400.00       2.74
1900800.00       2.08
1987200.00       9.06
2073600.00       0.94
2160000.00       0.00
2246400.00       0.09
2332800.00       2.36
2419200.00       7.55
2505600.00       0.66
2592000.00       0.19
2678400.00       0.00
2764800.00       0.00
2851200.00       0.00
2937600.00       0.00
3024000.00       0.00
3110400.00       0.00
3196800.00       0.00
3283200.00       3.88
3369600.00       1.04
3456000.00       0.00
3542400.00       0.00
3628800.00       0.00
3715200.00       0.00
3801600.00       0.00
3888000.00       6.15
3974400.00       2.08
4060800.00       0.00
4147200.00       5.21
4233600.00       3.41
4320000.00       0.00
4406400.00       0.00
4492800.00       0.00
4579200.00       0.00
4665600.00       0.00
4752000.00       0.00
4838400.00       1.70
4924800.00       2.46
5011200.00       0.95
5097600.00       1.61
5184000.00       6.91
5270400.00       1.06
5356800.00       2.90
5443200.00       3.00
5529600.00       0.58
5616000.00       0.00
5702400.00       0.00
5788800.00       9.09
5875200.00       8.12
5961600.00       0.19
6048000.00       0.00
6134400.00       3.29
6220800.00       0.00
6307200.00       0.00
6393600.00       0.00
6480000.00       0.00
6566400.00       0.00
6652800.00       1.64
6739200.00       0.19
6825600.00       0.00
6912000.00       0.00
6998400.00       0.00
7084800.00       0.10
7171200.00       2.51
7257600.00       0.10
7344000.00       0.48
7430400.00       1.26
7516800.00       0.10
7603200.00       5.70
7689600.00       4.93
7776000.00       3.67
7862400.00       0.29
7948800.00       0.11
8035200.00       0.11
8121600.00       3.67
8208000.00       3.77
8294400.00       0.54
8380800.00       0.00
8467200.00       0.65
8553600.00       6.36
8640000.00       0.22
8726400.00       0.00
8812800.00       0.00
8899200.00       0.00
8985600.00       0.00
9072000.00       0.00
9158400.00       0.00
9244800.00       0.00
9331200.00       0.00
9417600.00       0.00
9504000.00       0.00
9590400.00       0.00
9676800.00       0.00
9763200.00       0.00
9849600.00       0.00
9936000.00       0.00
10022400.00       4.64
10108800.00       0.43
10195200.00       5.61
10281600.00       1.29
10368000.00       0.22
10454400.00       5.50
10540800.00       4.19
10627200.00       2.63
10713600.00      14.92
10800000.00       6.04
10886400.00       2.63
10972800.00       5.46
11059200.00       1.07
11145600.00       0.39
11232000.00       0.10
11318400.00       4.48
11404800.00       0.19
11491200.00       4.78
11577600.00       2.73
11664000.00       0.78
11750400.00       0.68
11836800.00       8.48
11923200.00       0.29
12009600.00       0.00
12096000.00       0.10
12182400.00       0.00
12268800.00       7.60
12355200.00       8.87
12441600.00       2.53
12528000.00       1.36
12614400.00       0.68
12700800.00       1.85
12787200.00       0.49
12873600.00       0.39
12960000.00       1.36
13046400.00       0.29
13132800.00       0.10
13219200.00       0.00
13305600.00       0.70
13392000.00       0.00
13478400.00       0.30
13564800.00       0.00
13651200.00       0.00
13737600.00       0.00
13824000.00       0.30
13910400.00       0.00
13996800.00       0.20
14083200.00       1.99
14169600.00       0.00
14256000.00       0.10
14342400.00       0.80
14428800.00       0.00
14515200.00       0.00
14601600.00       0.00
14688000.00       9.06
14774400.00       2.39
14860800.00       1.10
14947200.00       0.50
15033600.00       0.00
15120000.00       0.90
15206400.00       0.30
15292800.00       0.70
15379200.00       0.20
15465600.00       0.30
15552000.00       0.60
15638400.00       0.70
15724800.00       4.58
15811200.00      18.12
