0	0.45
86400	0.87
172800	1.22
259200	0.21
345600	1.25
432000	1.04
518400	0.51
604800	1.33
691200	0.91
777600	0.55
864000	3.05
950400	6.64
1036800	0.67
1123200	0.96
1209600	4.09
1296000	1.36
1382400	0.39
1468800	0.72
1555200	7.82
1641600	1.81
1728000	0.94
1814400	0.4
1900800	0.99
1987200	19.46
2073600	0.55
2160000	0.71
2246400	1.02
2332800	0.88
2419200	3.35
2505600	2.15
2592000	9.1
2678400	0.67
2764800	0.36
2851200	1.94
2937600	1.97
3024000	1.18
3110400	0.21
3196800	1.72
3283200	1.85
3369600	1.93
3456000	0.85
3542400	0.99
3628800	1.61
3715200	1.62
3801600	3.34
3888000	1.22
3974400	2.14
4060800	0.81
4147200	0.97
4233600	3.46
4320000	2.65
4406400	1.05
4492800	2.25
4579200	1.99
4665600	0.15
4752000	2.77
4838400	9
4924800	0.57
5011200	1.21
5097600	1.06
5184000	3.92
5270400	1.2
5356800	0.67
5443200	1.48
5529600	0.76
5616000	10.29
5702400	1.02
5788800	1.76
5875200	2.8
5961600	0.49
6048000	1.55
6134400	1.39
6220800	3.57
6307200	0.69
6393600	0.27
6480000	1.35
6566400	1.04
6652800	8.54
6739200	0.57
6825600	0.92
6912000	0.46
6998400	0.58
7084800	1.04
7171200	0.64
7257600	1.58
7344000	0.78
7430400	4.22
7516800	1.65
7603200	0.28
7689600	0.2
7776000	1.54
7862400	3.55
7948800	2.11
8035200	0.31
8121600	2.19
8208000	3.84
8294400	0.22
8380800	0.58
8467200	2.09
8553600	0.13
8640000	0.72
8726400	1.4
8812800	0.66
8899200	1.45
8985600	1.16
9072000	0.98
9158400	0.2
9244800	8.3
9331200	1.11
9417600	2.32
9504000	0.93
9590400	0.59
9676800	1.86
9763200	2.71
9849600	1.06
9936000	1.41
10022400	1.28
10108800	8.06
10195200	2.15
10281600	1.35
10368000	0.69
10454400	1.41
10540800	1
10627200	1.83
10713600	2.41
10800000	0.79
10886400	1.54
10972800	1.37
11059200	0.28
11145600	0.58
11232000	0.36
11318400	1.63
11404800	2.96
11491200	0.91
11577600	0.63
11664000	1.01
11750400	1.84
11836800	40
11923200	1.84
12009600	5.2
12096000	0.15
12182400	0.71
12268800	2.75
12355200	0.98
12441600	0.35
12528000	0.75
12614400	5.58
12700800	1.58
12787200	1.17
12873600	0.55
12960000	2.14
13046400	0.82
13132800	1.21
13219200	0.55
13305600	13.91
13392000	0.09
13478400	12.25
13564800	1.06
13651200	0.67
13737600	0.72
13824000	0.28
13910400	0.67
13996800	1.29
14083200	2.12
14169600	1.01
14256000	0.7
14342400	7.39
14428800	0.24
14515200	0.86
14601600	0.17
14688000	0.29
14774400	0.61
14860800	1.14
14947200	0.22
15033600	9.73
15120000	0.36
15206400	0.58
15292800	3.22
15379200	0.18
15465600	3.31
15552000	0.92
15638400	1.5
15724800	0.94
15811200	2.37
15897600	0.55
15984000	0.71
16070400	1.41
16156800	11.12
16243200	2.63
16329600	0.73
16416000	2.47
16502400	11.42
16588800	1.78
16675200	1.57
16761600	2.45
16848000	2.51
16934400	0.54
17020800	8.38
17107200	0.41
17193600	1.17
17280000	0.56
17366400	0.4
17452800	0.82
17539200	0.52
17625600	1.12
17712000	0.79
17798400	0.74
17884800	1.27
17971200	0.52
18057600	0.27
18144000	3.01
18230400	0.25
18316800	1.99
18403200	1.82
18489600	0.48
18576000	0.73
18662400	0.5
18748800	7.88
18835200	0.43
18921600	0.77
19008000	0.67
19094400	2.31
19180800	0.93
19267200	1.66
19353600	2.8
19440000	1.85
19526400	3.13
19612800	0.91
19699200	0.97
19785600	0.31
19872000	2.35
19958400	0.64
20044800	0.67
20131200	12.36
20217600	1.54
20304000	0.86
20390400	2.99
20476800	0.68
20563200	1.14
20649600	4.48
20736000	3.53
20822400	0.52
20908800	4.37
20995200	4.29
21081600	5.88
21168000	3.35
21254400	0.83
21340800	1.89
21427200	11.72
21513600	1.31
21600000	0.52
21686400	3.01
21772800	0.36
21859200	0.41
21945600	0.26
22032000	1.83
22118400	0.2
22204800	0.51
22291200	0.91
22377600	0.38
22464000	2.61
22550400	0.76
22636800	1.94
22723200	0.75
22809600	0.64
22896000	1.53
22982400	0.74
23068800	2.77
23155200	1.33
23241600	1.97
23328000	1.43
23414400	2.4
23500800	1.75
23587200	2.21
23673600	0.66
23760000	0.55
23846400	1.53
23932800	1.13
24019200	1.03
24105600	3.28
24192000	0.66
24278400	3.6
24364800	1.35
24451200	1.18
24537600	3.03
24624000	0.91
24710400	1.83
24796800	2.06
24883200	0.07
24969600	10.04
25056000	2.4
25142400	4.59
25228800	1.6
25315200	1.28
25401600	2.7
25488000	2.49
25574400	1.09
25660800	1.63
25747200	2.46
25833600	1.03
25920000	10.27
26006400	0.29
26092800	4.52
26179200	12.32
26265600	0.73
26352000	0.72
26438400	0.57
26524800	0.29
26611200	2.54
26697600	2.18
26784000	0.28
26870400	0.62
26956800	0.2
27043200	0.8
27129600	0.58
27216000	0.47
27302400	0.51
27388800	1.75
27475200	3.11
27561600	40
27648000	2.12
27734400	0.53
27820800	2.85
27907200	0.83
27993600	1.15
28080000	16.62
28166400	4.32
28252800	21.21
28339200	0.52
28425600	2.16
28512000	1.14
28598400	1.07
28684800	1.84
28771200	0.27
28857600	3.39
28944000	6.91
29030400	1
29116800	2.95
29203200	2.01
29289600	1.27
29376000	2.84
29462400	0.5
29548800	1.18
29635200	1.1
29721600	2.5
29808000	3.3
29894400	3.61
29980800	1
30067200	0.64
30153600	3.07
30240000	2.23
30326400	0.65
30412800	3.03
30499200	0.4
30585600	9.73
30672000	0.7
30758400	2.1
30844800	8.97
30931200	0.67
31017600	0.27
31104000	0.25
31190400	0.65
31276800	1.43
31363200	1.11
31449600	0.22
31536000	0.53
31622400	1.34
31708800	1.8
31795200	0.76
31881600	1.64
31968000	3.8
32054400	1.54
32140800	0.31
32227200	1.03
32313600	0.93
32400000	1.75
32486400	5.93
32572800	2.73
32659200	1.17
32745600	1.01
32832000	1.45
32918400	0.58
33004800	3.04
33091200	0.74
33177600	1.37
33264000	1.81
33350400	3.66
33436800	7.88
33523200	0.35
33609600	0.54
33696000	3.22
33782400	0.68
33868800	0.6
33955200	3.18
34041600	0.52
34128000	2.1
34214400	0.66
34300800	2.2
34387200	1.47
34473600	0.37
34560000	0.25
34646400	40
34732800	1.34
34819200	1
34905600	0.37
34992000	1.98
35078400	1.43
35164800	4.8
35251200	1.39
35337600	0.35
35424000	0.47
35510400	5.72
35596800	0.5
35683200	0.53
35769600	0.35
35856000	3.04
35942400	1.48
36028800	0.5
36115200	1.06
36201600	10.97
36288000	0.26
36374400	3.38
36460800	1.42
36547200	1.87
36633600	1.9
36720000	0.81
36806400	4.48
36892800	1.92
36979200	0.43
37065600	0.69
37152000	0.42
37238400	6.45
37324800	1
37411200	1.53
37497600	3.05
37584000	3.24
37670400	0.24
37756800	3.06
37843200	0.38
37929600	0.96
38016000	3.74
38102400	0.54
38188800	2.31
38275200	2.17
38361600	1.71
38448000	0.81
38534400	1.59
38620800	10.2
38707200	33.16
38793600	1.36
38880000	0.29
38966400	1.09
39052800	1.25
39139200	2.54
39225600	1.95
39312000	0.44
39398400	0.27
39484800	3.51
39571200	0.22
39657600	1.72
39744000	2.16
39830400	14.11
39916800	0.48
40003200	0.17
40089600	1.16
40176000	2.67
40262400	0.87
40348800	1.94
40435200	0.4
40521600	0.89
40608000	1.34
40694400	14.59
40780800	0.4
40867200	5.92
40953600	40
41040000	2.34
41126400	8.52
41212800	3.48
41299200	1.03
41385600	0.43
41472000	0.74
41558400	2.91
41644800	0.84
41731200	3.96
41817600	0.27
41904000	0.7
41990400	2.13
42076800	1.04
42163200	0.34
42249600	3.83
42336000	0.34
42422400	0.81
42508800	0.24
42595200	0.95
42681600	12.09
42768000	1.87
42854400	0.21
42940800	1.25
43027200	2.29
43113600	1.23
43200000	0.54
43286400	1.64
43372800	3.97
43459200	0.23
43545600	2.13
43632000	4.73
43718400	1.49
43804800	1.69
43891200	0.52
43977600	0.3
44064000	0.66
44150400	0.47
44236800	3.51
44323200	0.89
44409600	7.97
44496000	0.3
44582400	0.8
44668800	8.4
44755200	5.2
44841600	1.42
44928000	0.51
45014400	1.05
45100800	0.97
45187200	2.7
45273600	0.8
45360000	9.83
45446400	0.5
45532800	0.84
45619200	1.12
45705600	1.36
45792000	0.8
45878400	0.82
45964800	0.52
46051200	2.61
46137600	11.13
46224000	0.61
46310400	0.52
46396800	0.73
46483200	0.88
46569600	0.84
46656000	0.47
46742400	0.55
46828800	3.07
46915200	0.96
47001600	3.49
47088000	1.82
47174400	17.78
47260800	0.47
47347200	7.02
47433600	0.33
47520000	0.4
47606400	0.32
47692800	0.76
47779200	0.46
47865600	4.64
47952000	40
48038400	1.7
48124800	0.89
48211200	1.67
48297600	0.15
48384000	4.38
48470400	0.3
48556800	0.7
48643200	0.27
48729600	1.21
48816000	13.17
48902400	0.57
48988800	0.86
49075200	0.76
49161600	2.39
49248000	0.21
49334400	0.4
49420800	0.93
49507200	1.19
49593600	1.23
49680000	2.68
49766400	2.17
49852800	0.58
49939200	0.64
50025600	1.02
50112000	2.05
50198400	1.97
50284800	0.85
50371200	40
50457600	0.46
50544000	1.07
50630400	1.79
50716800	2.62
50803200	2.58
50889600	3.9
50976000	4.61
51062400	0.79
51148800	0.21
51235200	4.02
51321600	0.59
51408000	7.28
51494400	0.57
51580800	0.79
51667200	1.17
51753600	2.05
51840000	6.2
51926400	0.96
52012800	0.94
52099200	5.47
52185600	0.52
52272000	3.48
52358400	3.18
52444800	0.83
52531200	0.36
52617600	0.85
52704000	1.26
52790400	1.46
52876800	0.95
52963200	0.57
53049600	0.44
53136000	3.08
53222400	0.57
53308800	3.93
53395200	0.17
53481600	1.36
53568000	0.6
53654400	1.32
53740800	0.9
53827200	6.76
53913600	2.12
54000000	2.06
54086400	18.92
54172800	1.04
54259200	0.12
54345600	0.85
54432000	0.31
54518400	0.45
54604800	0.12
54691200	2.93
54777600	0.32
54864000	1.42
54950400	0.9
55036800	0.75
55123200	14
55209600	3.32
55296000	8.21
55382400	0.8
55468800	0.59
55555200	0.45
55641600	2.82
55728000	5.93
55814400	0.98
55900800	2.07
55987200	0.67
56073600	0.82
56160000	2.05
56246400	0.08
56332800	0.86
56419200	0.61
56505600	7.27
56592000	1.48
56678400	0.29
56764800	1.34
56851200	2.63
56937600	1.65
57024000	1.17
57110400	1.45
57196800	2.85
57283200	3.72
57369600	0.66
57456000	0.69
57542400	2.16
57628800	1.23
57715200	1.62
57801600	3.76
57888000	1.05
57974400	1.48
58060800	0.75
58147200	2.71
58233600	0.25
58320000	0.19
58406400	20.7
58492800	0.35
58579200	2.05
58665600	5.58
58752000	0.36
58838400	9.01
58924800	0.81
59011200	0.83
59097600	2.36
59184000	40
59270400	1.33
59356800	1.75
59443200	6.4
59529600	0.45
59616000	2.8
59702400	2.21
59788800	17.93
59875200	0.79
59961600	0.89
60048000	1.92
60134400	0.69
60220800	0.37
60307200	0.12
60393600	0.14
60480000	0.37
60566400	1.68
60652800	0.48
60739200	1.26
60825600	5.28
60912000	1.04
60998400	1.51
61084800	0.42
61171200	8.22
61257600	3.56
61344000	0.39
61430400	0.29
61516800	7.53
61603200	0.3
61689600	1.99
61776000	0.29
61862400	0.91
61948800	0.47
62035200	0.83
62121600	0.69
62208000	5.68
62294400	1.69
62380800	0.46
62467200	3.01
62553600	0.1
62640000	3.84
62726400	0.63
62812800	0.98
62899200	0.59
62985600	0.57
63072000	0.63
63158400	0.54
63244800	1.59
63331200	3.61
63417600	0.74
63504000	0.33
63590400	3.1
63676800	1.52
63763200	2.17
63849600	1
63936000	0.78
64022400	2.49
64108800	0.36
64195200	0.55
64281600	0.23
64368000	0.86
64454400	0.27
64540800	0.96
64627200	6.92
64713600	0.32
64800000	0.86
64886400	0.74
64972800	0.48
65059200	2.9
65145600	2.1
65232000	1.12
65318400	1.1
65404800	7.38
65491200	1.33
65577600	2.67
65664000	1.22
65750400	1.09
65836800	0.7
65923200	1.41
66009600	0.51
66096000	1.94
66182400	0.78
66268800	0.77
66355200	3.43
66441600	0.56
66528000	0.25
66614400	1.36
66700800	0.9
66787200	0.22
66873600	1.4
66960000	3.53
67046400	7.19
67132800	0.81
67219200	21.79
67305600	0.08
67392000	1.63
67478400	0.39
67564800	8.31
67651200	1.98
67737600	0.62
67824000	2.69
67910400	5.11
67996800	0.76
68083200	26.62
68169600	0.82
68256000	2.19
68342400	2.2
68428800	0.78
68515200	0.9
68601600	0.6
68688000	2.26
68774400	1.23
68860800	5.97
68947200	1.01
69033600	1.02
69120000	2.65
69206400	12.96
69292800	2.05
69379200	10.59
69465600	4.56
69552000	1.09
69638400	1.54
69724800	0.79
69811200	7.48
69897600	1.38
69984000	0.32
70070400	6.89
70156800	1.3
70243200	0.29
70329600	0.98
70416000	0.6
70502400	0.27
70588800	1.69
70675200	0.74
70761600	0.11
70848000	0.4
70934400	5.12
71020800	0.59
71107200	2.54
71193600	0.23
71280000	3.75
71366400	4.12
71452800	0.3
71539200	1.6
71625600	4.74
71712000	3.26
71798400	0.49
71884800	17.85
71971200	0.93
72057600	1.67
72144000	6.13
72230400	1.54
72316800	2.12
72403200	1.03
72489600	0.55
72576000	2.91
72662400	0.72
72748800	1.47
72835200	2.02
72921600	1.12
73008000	0.34
73094400	3.02
73180800	0.71
73267200	8.85
73353600	1.22
73440000	2.42
73526400	1.22
73612800	5.88
73699200	2.58
73785600	6.97
73872000	0.58
73958400	0.44
74044800	1.99
74131200	1.46
74217600	0.55
74304000	13.57
74390400	0.8
74476800	0.46
74563200	1.49
74649600	16.49
74736000	7.46
74822400	1.28
74908800	0.86
74995200	0.31
75081600	3.17
75168000	0.87
75254400	0.77
75340800	1.02
75427200	0.52
75513600	0.39
75600000	0.4
75686400	0.49
75772800	13.08
75859200	9.87
75945600	0.44
76032000	0.75
76118400	0.54
76204800	0.31
76291200	0.55
76377600	1.09
76464000	0.7
76550400	0.26
76636800	0.13
76723200	2.33
76809600	0.77
76896000	1.4
76982400	1.17
77068800	1.19
77155200	0.54
77241600	0.65
77328000	0.51
77414400	0.37
77500800	0.61
77587200	14.12
77673600	1.1
77760000	0.97
77846400	1.21
77932800	0.32
78019200	0.26
78105600	0.39
78192000	0.31
78278400	1.32
78364800	0.18
78451200	1.99
78537600	0.64
78624000	0.46
78710400	1
78796800	1.01
78883200	2.3
78969600	0.62
79056000	0.48
79142400	0.63
79228800	1.99
79315200	10.47
79401600	1.31
79488000	0.49
79574400	2.27
79660800	2.24
79747200	3.87
79833600	2.42
79920000	0.36
80006400	0.16
80092800	0.28
80179200	3.28
80265600	1.03
80352000	3.41
80438400	0.36
80524800	2.81
80611200	2.79
80697600	11.57
80784000	13.66
80870400	11.11
80956800	0.4
81043200	0.84
81129600	1.2
81216000	0.73
81302400	0.24
81388800	1.9
81475200	1.64
81561600	1.11
81648000	2.76
81734400	0.37
81820800	18.19
81907200	3.99
81993600	0.65
82080000	17.48
82166400	1.79
82252800	28.53
82339200	1.61
82425600	0.43
82512000	0.94
82598400	1.41
82684800	0.89
82771200	0.49
82857600	0.99
82944000	0.46
83030400	1.21
83116800	2.89
83203200	0.85
83289600	1.08
83376000	2.8
83462400	1.14
83548800	0.35
83635200	1.09
83721600	0.88
83808000	4.54
83894400	14.72
83980800	0.34
84067200	0.56
84153600	2.6
84240000	8.52
84326400	0.56
84412800	0.9
84499200	0.96
84585600	4.78
84672000	1.36
84758400	0.67
84844800	1.04
84931200	0.95
85017600	3.24
85104000	0.75
85190400	1.91
85276800	5.28
85363200	0.29
85449600	2.66
85536000	5.52
85622400	1.33
85708800	4.58
85795200	4.71
85881600	1.12
85968000	0.77
86054400	4.57
86140800	3.8
86227200	3.98
86313600	1.64
86400000	1.62
86486400	0.48
86572800	0.81
86659200	0.82
86745600	2.03
86832000	2.5
86918400	0.53
87004800	0.73
87091200	1.29
87177600	0.72
87264000	0.49
87350400	2.65
87436800	7.24
87523200	1.05
87609600	19.49
87696000	0.82
87782400	3.3
87868800	0.64
87955200	0.93
88041600	0.77
88128000	1.3
88214400	0.95
88300800	0.74
88387200	0.12
88473600	0.28
88560000	1.26
88646400	1.09
88732800	1.44
88819200	1.57
88905600	0.45
88992000	3.01
89078400	0.27
89164800	1.14
89251200	0.41
89337600	0.7
89424000	0.48
89510400	1.65
89596800	0.5
89683200	3.26
89769600	0.9
89856000	0.45
89942400	2.87
90028800	0.53
90115200	0.46
90201600	0.7
90288000	19.22
90374400	0.13
90460800	0.82
90547200	1.07
90633600	1.47
90720000	1.24
90806400	2.3
90892800	1.16
90979200	2.03
91065600	1.13
91152000	0.2
91238400	2.59
91324800	0.65
91411200	5.92
91497600	1.52
91584000	1.64
91670400	0.56
91756800	1.6
91843200	0.9
91929600	1.34
92016000	40
92102400	1.83
92188800	4.03
92275200	2.29
92361600	0.35
92448000	1.18
92534400	1.02
92620800	0.62
92707200	0.36
92793600	9.69
92880000	1.49
92966400	1.32
93052800	1.9
93139200	0.29
93225600	1.83
93312000	2.32
93398400	3.69
93484800	1.77
93571200	13.42
93657600	0.68
93744000	0.86
93830400	0.59
93916800	1.54
94003200	0.95
94089600	0.39
94176000	1.86
94262400	0.44
94348800	0.99
94435200	1.03
94521600	2.29
94608000	9.6
94694400	1.73
94780800	0.13
94867200	2.5
94953600	0.16
95040000	2.52
95126400	0.2
95212800	0.63
95299200	1.67
95385600	2.3
95472000	0.99
95558400	0.44
95644800	1.14
95731200	0.37
95817600	1.19
95904000	0.5
95990400	0.47
96076800	3.38
96163200	1.01
96249600	0.78
96336000	1.87
96422400	2.52
96508800	0.9
96595200	0.11
96681600	0.82
96768000	0.18
96854400	0.04
96940800	2.39
97027200	8.96
97113600	1.1
97200000	1.46
97286400	0.69
97372800	1.18
97459200	1.45
97545600	1.73
97632000	6.94
97718400	7.8
97804800	0.6
97891200	1.04
97977600	0.3
98064000	8.24
98150400	2.43
98236800	0.46
98323200	0.49
98409600	0.27
98496000	0.75
98582400	0.51
98668800	8.21
98755200	0.75
98841600	0.61
98928000	0.37
99014400	0.55
99100800	1.96
99187200	1.24
99273600	1.06
99360000	2.77
99446400	0.22
99532800	1.35
99619200	0.5
99705600	3.19
99792000	14.12
99878400	2.02
99964800	3.49
100051200	0.59
100137600	0.72
100224000	4.46
100310400	0.86
100396800	11.27
100483200	1.84
100569600	0.26
100656000	4.53
100742400	4.92
100828800	0.52
100915200	2.12
101001600	3.33
101088000	2.87
101174400	6.08
101260800	0.24
101347200	2.8
101433600	0.57
101520000	1.92
101606400	3.42
101692800	16.74
101779200	0.4
101865600	0.81
101952000	1.12
102038400	0.76
102124800	5.3
102211200	4.08
102297600	0.31
102384000	1.07
102470400	0.2
102556800	11.29
102643200	2.82
102729600	0.45
102816000	4.18
102902400	1.07
102988800	3.85
103075200	1.37
103161600	0.68
103248000	3.22
103334400	7.04
103420800	3.94
103507200	40
103593600	1.53
103680000	8.05
103766400	4.64
103852800	0.35
103939200	0.4
104025600	0.96
104112000	0.5
104198400	0.82
104284800	8.2
104371200	8.84
104457600	0.51
104544000	1.92
104630400	0.15
104716800	0.45
104803200	5.53
104889600	0.53
104976000	3.39
105062400	1.5
105148800	2.39
105235200	0.25
105321600	8.66
105408000	4.92
105494400	1.67
105580800	2.07
105667200	40
105753600	0.32
105840000	5.49
105926400	1.13
106012800	1.35
106099200	3.27
106185600	1.55
106272000	2.78
106358400	1.83
106444800	0.15
106531200	0.45
106617600	2.54
106704000	0.73
106790400	1.18
106876800	0.91
106963200	16.17
107049600	2.14
107136000	0.5
107222400	1.7
107308800	1.25
107395200	1.06
107481600	0.44
107568000	4.5
107654400	1.06
107740800	1.84
107827200	1.23
107913600	0.08
108000000	1.25
108086400	0.38
108172800	0.66
108259200	40
108345600	2.12
108432000	3.95
108518400	2.47
108604800	2
108691200	1.87
108777600	0.56
108864000	0.7
108950400	0.99
109036800	40
109123200	1.15
109209600	3.21
109296000	3.62
109382400	3
109468800	0.38
109555200	0.98
109641600	1.15
109728000	2.2
109814400	0.89
109900800	4.81
109987200	0.15
110073600	0.96
110160000	7.03
110246400	4.01
110332800	1.29
110419200	1.61
110505600	0.15
110592000	0.2
110678400	0.39
110764800	0.44
110851200	1.14
110937600	1.78
111024000	2.11
111110400	1.35
111196800	0.09
111283200	0.56
111369600	0.27
111456000	0.24
111542400	0.55
111628800	0.31
111715200	0.83
111801600	0.83
111888000	1.44
111974400	0.79
112060800	0.49
112147200	0.88
112233600	1.32
112320000	4.19
112406400	1
112492800	2.5
112579200	20.24
112665600	2.28
112752000	0.42
112838400	1.6
112924800	0.9
113011200	2.36
113097600	0.81
113184000	1.32
113270400	0.84
113356800	0.63
113443200	0.68
113529600	0.32
113616000	1.44
113702400	3.85
113788800	0.71
113875200	0.8
113961600	8.91
114048000	3.04
114134400	0.24
114220800	6.78
114307200	0.62
114393600	2.52
114480000	0.48
114566400	0.8
114652800	0.72
114739200	2.03
114825600	0.47
114912000	1.39
114998400	0.2
115084800	1.63
115171200	1.39
115257600	12.31
115344000	0.46
115430400	3.47
115516800	0.94
115603200	0.21
115689600	0.11
115776000	1.91
115862400	8.63
115948800	0.97
116035200	12.83
116121600	5.65
116208000	0.28
116294400	0.94
116380800	0.7
116467200	2.32
116553600	5.03
116640000	13.01
116726400	1.24
116812800	0.49
116899200	1.33
116985600	2.35
117072000	1.32
117158400	1.06
117244800	7.21
117331200	0.98
117417600	0.83
117504000	6.53
117590400	0.79
117676800	0.79
117763200	5.43
117849600	0.6
117936000	0.59
118022400	5.56
118108800	1.43
118195200	0.89
118281600	2.57
118368000	0.18
118454400	0.16
118540800	0.66
118627200	1.41
118713600	0.69
118800000	0.97
118886400	1.48
118972800	0.8
119059200	0.22
119145600	1.93
119232000	0.68
119318400	0.87
119404800	5.57
119491200	11.07
119577600	0.34
119664000	0.51
119750400	1.71
119836800	3.13
119923200	0.83
120009600	0.59
120096000	0.71
120182400	0.72
120268800	0.19
120355200	18.68
120441600	4.6
120528000	2.7
120614400	7.24
120700800	3.2
120787200	0.75
120873600	0.54
120960000	3.24
121046400	0.09
121132800	1.4
121219200	1.98
121305600	0.19
121392000	0.83
121478400	0.6
121564800	1.22
121651200	1.65
121737600	2.07
121824000	1.99
121910400	0.08
121996800	0.91
122083200	5.73
122169600	0.2
122256000	1.17
122342400	0.72
122428800	0.99
122515200	0.21
122601600	8.73
122688000	0.56
122774400	0.58
122860800	7.39
122947200	0.47
123033600	1.04
123120000	0.76
123206400	7.98
123292800	0.25
123379200	0.29
123465600	0.32
123552000	0.62
123638400	1.38
123724800	0.44
123811200	3.91
123897600	0.57
123984000	0.32
124070400	2.19
124156800	1.66
124243200	0.92
124329600	1.05
124416000	0.65
124502400	0.67
124588800	3.27
124675200	0.72
124761600	0.34
124848000	1.29
124934400	0.91
125020800	1.69
125107200	7.72
125193600	2.9
125280000	22.34
125366400	1.15
125452800	0.8
125539200	2.17
125625600	0.42
125712000	1.85
125798400	1.45
125884800	1.2
125971200	1.2
126057600	0.21
126144000	0.74
126230400	3
126316800	0.71
126403200	0.51
126489600	0.71
126576000	0.81
126662400	0.79
126748800	0.77
126835200	2.62
126921600	1.81
127008000	0.5
127094400	1.04
127180800	11.51
127267200	0.44
127353600	0.4
127440000	2.25
127526400	0.93
127612800	0.38
127699200	0.5
127785600	4.93
127872000	0.51
127958400	0.26
128044800	7.92
128131200	4.87
128217600	0.53
128304000	0.57
128390400	0.41
128476800	0.82
128563200	0.3
128649600	3.6
128736000	30.33
128822400	0.39
128908800	0.58
128995200	4.67
129081600	0.83
129168000	0.54
129254400	1.5
129340800	1.82
129427200	1
129513600	2.01
129600000	0.55
129686400	2.65
129772800	12.5
129859200	0.55
129945600	2.15
130032000	0.75
130118400	2.25
130204800	0.72
130291200	0.43
130377600	0.5
130464000	0.5
130550400	0.76
130636800	1.12
130723200	2.82
130809600	40
130896000	0.68
130982400	1.36
131068800	1.31
131155200	10.55
131241600	1.55
131328000	1.07
131414400	0.49
131500800	4.13
131587200	1.27
131673600	6.07
131760000	0.85
131846400	1.94
131932800	4.99
132019200	4.5
132105600	0.4
132192000	1.76
132278400	1.69
132364800	0.83
132451200	0.87
132537600	0.39
132624000	34.41
132710400	1.98
132796800	0.89
132883200	2.01
132969600	0.62
133056000	2.73
133142400	0.54
133228800	0.61
133315200	34.97
133401600	0.48
133488000	0.85
133574400	22.87
133660800	1
133747200	0.39
133833600	0.68
133920000	2.86
134006400	2.91
134092800	0.58
134179200	1.06
134265600	0.77
134352000	2.28
134438400	0.54
134524800	0.63
134611200	5.53
134697600	1.14
134784000	1.83
134870400	1.12
134956800	0.84
135043200	2.95
135129600	0.94
135216000	0.85
135302400	0.99
135388800	0.66
135475200	2.28
135561600	0.73
135648000	2.72
135734400	1.72
135820800	0.45
135907200	0.13
135993600	1.73
136080000	2.81
136166400	1.02
136252800	0.49
136339200	1.09
136425600	0.39
136512000	2.18
136598400	3.85
136684800	5.49
136771200	0.54
136857600	0.59
136944000	0.74
137030400	0.65
137116800	4.01
137203200	0.34
137289600	5.78
137376000	3.08
137462400	0.5
137548800	2.64
137635200	0.42
137721600	8.61
137808000	0.25
137894400	2.14
137980800	1.14
138067200	0.44
138153600	16.07
138240000	0.19
138326400	19.02
138412800	0.08
138499200	0.84
138585600	1.79
138672000	1.55
138758400	1.22
138844800	1
138931200	0.82
139017600	0.9
139104000	2.16
139190400	13.54
139276800	15.05
139363200	1.2
139449600	2.3
139536000	1.25
139622400	0.52
139708800	1.18
139795200	0.72
139881600	1.55
139968000	0.38
140054400	1.12
140140800	0.44
140227200	0.8
140313600	0.62
140400000	1.14
140486400	1.13
140572800	3.44
140659200	1.47
140745600	0.96
140832000	27.21
140918400	5.65
141004800	0.51
141091200	2.55
141177600	0.3
141264000	0.95
141350400	0.94
141436800	2.13
141523200	4.21
141609600	0.85
141696000	1.76
141782400	0.15
141868800	3.1
141955200	0.41
142041600	3.73
142128000	1.25
142214400	0.17
142300800	1.26
142387200	1.72
142473600	1.72
142560000	1.17
142646400	1.23
142732800	2.05
142819200	0.71
142905600	0.74
142992000	1.75
143078400	0.61
143164800	0.59
143251200	1.35
143337600	1.35
143424000	4.35
143510400	1.41
143596800	1.01
143683200	0.86
143769600	0.95
143856000	0.28
143942400	0.32
144028800	9.42
144115200	20.4
144201600	1.69
144288000	0.36
144374400	0.54
144460800	0.45
144547200	14.57
144633600	0.14
144720000	1.42
144806400	1.56
144892800	0.49
144979200	2.07
145065600	0.4
145152000	1.21
145238400	1.41
145324800	1.5
145411200	0.2
145497600	0.85
145584000	0.76
145670400	1.84
145756800	1.44
145843200	0.24
145929600	1.54
146016000	5.7
146102400	1.91
146188800	0.47
146275200	0.85
146361600	0.5
146448000	1.67
146534400	0.2
146620800	5.79
146707200	2.96
146793600	16.95
146880000	0.25
146966400	0.83
147052800	0.69
147139200	1
147225600	1.55
147312000	1.23
147398400	10.35
147484800	0.92
147571200	1.97
147657600	8.83
147744000	0.7
147830400	1.29
147916800	3.68
148003200	0.68
148089600	1.82
148176000	3.1
148262400	0.3
148348800	3.34
148435200	0.57
148521600	2.15
148608000	0.62
148694400	1.23
148780800	1.78
148867200	1.74
148953600	2.52
149040000	0.84
149126400	0.23
149212800	1.14
149299200	1.39
149385600	3.01
149472000	0.28
149558400	0.49
149644800	0.66
149731200	1.64
149817600	3.02
149904000	0.35
149990400	2.37
150076800	0.64
150163200	1.51
150249600	0.77
150336000	4.03
150422400	0.21
150508800	1.33
150595200	4.65
150681600	2.04
150768000	1.37
150854400	4.75
150940800	1.43
151027200	1.95
151113600	3.85
151200000	1.56
151286400	5.78
151372800	3.66
151459200	0.49
151545600	0.25
151632000	2.47
151718400	0.83
151804800	0.29
151891200	0.95
151977600	0.66
152064000	1.21
152150400	2.17
152236800	5.4
152323200	0.44
152409600	0.79
152496000	1.6
152582400	0.66
152668800	0.53
152755200	3.87
152841600	2.39
152928000	1.24
153014400	2.29
153100800	0.47
153187200	0.85
153273600	0.77
153360000	0.21
153446400	3.78
153532800	0.35
153619200	0.25
153705600	1.43
153792000	2.71
153878400	2.65
153964800	2.1
154051200	1.14
154137600	4.7
154224000	2.55
154310400	0.87
154396800	0.94
154483200	1.11
154569600	0.23
154656000	0.8
154742400	1.32
154828800	1.94
154915200	1.91
155001600	2.67
155088000	1.15
155174400	0.15
155260800	2.55
155347200	0.85
155433600	2.03
155520000	0.61
155606400	0.53
155692800	0.87
155779200	10.55
155865600	4.56
155952000	38.75
156038400	0.54
156124800	1.16
156211200	1.01
156297600	2.71
156384000	2.89
156470400	0.33
156556800	7.57
156643200	1.07
156729600	0.85
156816000	1.1
156902400	0.84
156988800	4.12
157075200	0.22
157161600	0.27
157248000	0.62
157334400	0.5
157420800	0.39
157507200	2.18
157593600	0.4
