      0.00       1.79
  86400.00       0.10
 172800.00       0.10
 259200.00       0.50
 345600.00       0.30
 432000.00       0.00
 518400.00       0.00
 604800.00       0.00
 691200.00       0.00
 777600.00       0.40
 864000.00       6.86
 950400.00       0.20
1036800.00       0.20
1123200.00       0.00
1209600.00       0.00
1296000.00       0.00
1382400.00       0.00
1468800.00       0.00
1555200.00       0.00
1641600.00       0.10
1728000.00       0.00
1814400.00       0.00
1900800.00      20.68
1987200.00       6.07
2073600.00      10.64
2160000.00       0.99
2246400.00       5.67
2332800.00       7.06
2419200.00       1.09
2505600.00       1.19
2592000.00       5.77
2678400.00       0.29
2764800.00       0.00
2851200.00       0.00
2937600.00       0.00
3024000.00       1.27
3110400.00       0.78
3196800.00       0.00
3283200.00       0.00
3369600.00       0.39
3456000.00       0.29
3542400.00       1.57
3628800.00       0.00
3715200.00       0.00
3801600.00       0.00
3888000.00       0.10
3974400.00       0.39
4060800.00       0.00
4147200.00       0.00
4233600.00       0.00
4320000.00       0.00
4406400.00       0.00
4492800.00       0.00
4579200.00       0.00
4665600.00       0.00
4752000.00       0.00
4838400.00       0.00
4924800.00       0.00
5011200.00       0.00
5097600.00       0.00
5184000.00       0.00
5270400.00       0.00
5356800.00       2.59
5443200.00       0.00
5529600.00       0.00
5616000.00       0.00
5702400.00       0.00
5788800.00       0.00
5875200.00       0.00
5961600.00       0.00
6048000.00       3.58
6134400.00       0.00
6220800.00       0.00
6307200.00       0.00
6393600.00       0.00
6480000.00       2.69
6566400.00       1.79
6652800.00       0.50
6739200.00       0.00
6825600.00       0.10
6912000.00       4.78
6998400.00      19.11
7084800.00       4.68
7171200.00       1.00
7257600.00       0.00
7344000.00      16.22
7430400.00      15.03
7516800.00       4.78
7603200.00       0.80
7689600.00       0.00
7776000.00       0.00
7862400.00       3.88
7948800.00       2.89
8035200.00       6.58
8121600.00       0.00
8208000.00       4.49
8294400.00       0.10
8380800.00       8.47
8467200.00       0.10
8553600.00       0.00
8640000.00       0.00
8726400.00       0.00
8812800.00       0.00
8899200.00       0.00
8985600.00       0.00
9072000.00       0.00
9158400.00       0.00
9244800.00       0.00
9331200.00       4.49
9417600.00       0.00
9504000.00       0.00
9590400.00       0.40
9676800.00       0.00
9763200.00       0.60
9849600.00       2.39
9936000.00       0.00
10022400.00       0.00
10108800.00       0.00
10195200.00       0.00
10281600.00       0.50
10368000.00       0.00
10454400.00       0.00
10540800.00       0.00
10627200.00       0.20
10713600.00       0.00
10800000.00       0.00
10886400.00       0.00
10972800.00       0.00
11059200.00       0.00
11145600.00       0.60
11232000.00       2.08
11318400.00       0.00
11404800.00       0.10
11491200.00       2.78
11577600.00       2.98
11664000.00       1.79
11750400.00       0.89
11836800.00       0.00
11923200.00       0.00
12009600.00       0.40
12096000.00       0.00
12182400.00       0.00
12268800.00       0.00
12355200.00       1.69
12441600.00       1.29
12528000.00       7.54
12614400.00       1.39
12700800.00       0.00
12787200.00       0.00
12873600.00       0.00
12960000.00       0.00
13046400.00       1.98
13132800.00       0.00
13219200.00       3.30
13305600.00       0.60
13392000.00       7.70
13478400.00       9.20
13564800.00       0.00
13651200.00       2.20
13737600.00       3.90
13824000.00       0.00
13910400.00       0.00
13996800.00       0.00
14083200.00       0.00
14169600.00       0.40
14256000.00       0.00
14342400.00       0.00
14428800.00       2.60
14515200.00       0.00
14601600.00       0.00
14688000.00       0.00
14774400.00       0.00
14860800.00       0.00
14947200.00       0.40
15033600.00       0.80
15120000.00       0.80
15206400.00       3.40
15292800.00       0.00
15379200.00       0.00
15465600.00       0.00
15552000.00       0.00
15638400.00       0.40
15724800.00       0.10
15811200.00       0.00
