      0.00       0.41
  86400.00       2.11
 172800.00       0.07
 259200.00       0.33
 345600.00      14.39
 432000.00       1.58
 518400.00       0.16
 604800.00       5.94
 691200.00       0.22
 777600.00       0.28
 864000.00       0.27
 950400.00       0.22
1036800.00       0.30
1123200.00       2.60
1209600.00      18.63
1296000.00       3.71
1382400.00      10.87
1468800.00       1.38
1555200.00       8.43
1641600.00       3.25
1728000.00       2.36
1814400.00       2.89
1900800.00       1.12
1987200.00       4.56
2073600.00       7.15
2160000.00       7.19
2246400.00      18.03
2332800.00       3.23
2419200.00       0.29
2505600.00       1.21
2592000.00       0.12
2678400.00       0.39
2764800.00       0.12
2851200.00       2.13
2937600.00       0.34
3024000.00      22.83
3110400.00       3.27
3196800.00       2.77
3283200.00       3.30
3369600.00       5.34
3456000.00       4.61
3542400.00       2.39
3628800.00       0.06
3715200.00       0.36
3801600.00       8.66
3888000.00       3.25
3974400.00       2.90
4060800.00       8.38
4147200.00       6.37
4233600.00       0.41
4320000.00       4.27
4406400.00       1.21
4492800.00       0.48
4579200.00       0.30
4665600.00       0.59
4752000.00       0.85
4838400.00       2.29
4924800.00       0.05
5011200.00       7.43
5097600.00       0.74
5184000.00       0.29
5270400.00       1.40
5356800.00       6.49
5443200.00      12.23
5529600.00       5.56
5616000.00       0.72
5702400.00       0.13
5788800.00       0.17
5875200.00       0.73
5961600.00       4.49
6048000.00       0.72
6134400.00       1.71
6220800.00       0.89
6307200.00       6.26
6393600.00       4.18
6480000.00       3.47
6566400.00       1.60
6652800.00       0.09
6739200.00       0.11
6825600.00       2.20
6912000.00       6.11
6998400.00       7.94
7084800.00      11.90
7171200.00      16.99
7257600.00       3.14
7344000.00       0.16
7430400.00       0.18
7516800.00       0.50
7603200.00      17.42
7689600.00       2.65
7776000.00       0.19
7862400.00       0.03
7948800.00       0.02
8035200.00       2.15
8121600.00      18.01
8208000.00       0.25
8294400.00       0.13
8380800.00       1.37
8467200.00       2.13
8553600.00       2.50
8640000.00       0.07
8726400.00       0.08
8812800.00       2.03
8899200.00       2.91
8985600.00       0.40
9072000.00       3.92
9158400.00       0.38
9244800.00       0.04
9331200.00       0.03
9417600.00       0.06
9504000.00       0.22
9590400.00       0.03
9676800.00       0.38
9763200.00       0.00
9849600.00       0.00
9936000.00       0.00
10022400.00       0.00
10108800.00       0.00
10195200.00       0.05
10281600.00       0.02
10368000.00       0.13
10454400.00       0.01
10540800.00       0.09
10627200.00       0.06
10713600.00       0.03
10800000.00       0.74
10886400.00       0.22
10972800.00       0.08
11059200.00       0.21
11145600.00       0.25
11232000.00       0.02
11318400.00       0.08
11404800.00       0.13
11491200.00       0.24
11577600.00       0.18
11664000.00       0.03
11750400.00       0.01
11836800.00       0.04
11923200.00       2.73
12009600.00       6.74
12096000.00       8.15
12182400.00       3.00
12268800.00       1.03
12355200.00      12.65
12441600.00       0.32
12528000.00       0.25
12614400.00       7.88
12700800.00       0.16
12787200.00       1.22
12873600.00       0.13
12960000.00       1.75
13046400.00      32.47
13132800.00      14.05
13219200.00       1.25
13305600.00       9.68
13392000.00       0.27
13478400.00       1.51
13564800.00       3.10
13651200.00       0.07
13737600.00       3.13
13824000.00       4.27
13910400.00       0.13
13996800.00       0.05
14083200.00       0.01
14169600.00       0.00
14256000.00       0.00
14342400.00       0.35
14428800.00       0.56
14515200.00       0.03
14601600.00       0.02
14688000.00       0.00
14774400.00       0.01
14860800.00       0.00
14947200.00       0.12
15033600.00       5.28
15120000.00       0.07
15206400.00       0.02
15292800.00       1.09
15379200.00       0.60
15465600.00       0.04
15552000.00       1.52
15638400.00       0.37
15724800.00       0.11
15811200.00       0.02
15897600.00       0.00
15984000.00       0.08
