      0.00       0.00
  86400.00       0.00
 172800.00       0.00
 259200.00       0.00
 345600.00       4.01
 432000.00       5.11
 518400.00       1.80
 604800.00       1.10
 691200.00       4.61
 777600.00       1.10
 864000.00       0.00
 950400.00       0.00
1036800.00       0.00
1123200.00       0.00
1209600.00       0.10
1296000.00       1.00
1382400.00       3.61
1468800.00       0.80
1555200.00       3.21
1641600.00       0.30
1728000.00       0.10
1814400.00       0.00
1900800.00       0.10
1987200.00       0.00
2073600.00       3.81
2160000.00       6.62
2246400.00       1.00
2332800.00       0.00
2419200.00       0.00
2505600.00       0.00
2592000.00       0.00
2678400.00       0.00
2764800.00       0.00
2851200.00       0.00
2937600.00       0.00
3024000.00       0.00
3110400.00       0.00
3196800.00       0.00
3283200.00       0.10
3369600.00       0.00
3456000.00       0.10
3542400.00       0.50
3628800.00       0.50
3715200.00       0.00
3801600.00       0.00
3888000.00       0.00
3974400.00       0.00
4060800.00       1.00
4147200.00       0.60
4233600.00       0.00
4320000.00       0.00
4406400.00       0.30
4492800.00       1.60
4579200.00       0.00
4665600.00       0.00
4752000.00       1.10
4838400.00       0.00
4924800.00       0.00
5011200.00       0.00
5097600.00       0.00
5184000.00       0.00
5270400.00       0.10
5356800.00       0.00
5443200.00       0.00
5529600.00       0.70
5616000.00       0.00
5702400.00       0.00
5788800.00       1.59
5875200.00       7.25
5961600.00       2.98
6048000.00       0.80
6134400.00       3.88
6220800.00       2.68
6307200.00       0.99
6393600.00       0.20
6480000.00       0.10
6566400.00       3.18
6652800.00       3.68
6739200.00       2.29
6825600.00       0.00
6912000.00       0.10
6998400.00       0.00
7084800.00       0.00
7171200.00       0.60
7257600.00       0.99
7344000.00       0.00
7430400.00       0.00
7516800.00       0.00
7603200.00       0.00
7689600.00       0.00
7776000.00       0.00
7862400.00       0.00
7948800.00       0.00
8035200.00       0.00
8121600.00       1.60
8208000.00       1.40
8294400.00       0.00
8380800.00       0.20
8467200.00       0.40
8553600.00       1.10
8640000.00      10.00
8726400.00       1.20
8812800.00       0.20
8899200.00       0.00
8985600.00       0.00
9072000.00       0.00
9158400.00       0.00
9244800.00       0.00
9331200.00       0.00
9417600.00       2.50
9504000.00       2.90
9590400.00       0.00
9676800.00       0.00
9763200.00       2.90
9849600.00       0.10
9936000.00       3.90
10022400.00       0.30
10108800.00       0.00
10195200.00       0.00
10281600.00       0.00
10368000.00       0.10
10454400.00      10.50
10540800.00       0.00
10627200.00      11.09
10713600.00       0.70
10800000.00       2.30
10886400.00       6.99
10972800.00       1.80
11059200.00       1.30
11145600.00       0.00
11232000.00       0.70
11318400.00       3.60
11404800.00      13.19
11491200.00       3.20
11577600.00       2.10
11664000.00       5.69
11750400.00       0.00
11836800.00       3.50
11923200.00       7.99
12009600.00       4.70
12096000.00       4.89
12182400.00       6.29
12268800.00       3.60
12355200.00       0.00
12441600.00       1.00
12528000.00       0.50
12614400.00       4.79
12700800.00       0.00
12787200.00       4.89
12873600.00       0.00
12960000.00       0.00
13046400.00       0.00
13132800.00       0.00
13219200.00       0.00
13305600.00       0.00
13392000.00       0.00
13478400.00       0.10
13564800.00       0.00
13651200.00       0.00
13737600.00       0.00
13824000.00      15.92
13910400.00       9.41
13996800.00       6.11
14083200.00       4.11
14169600.00      21.03
14256000.00       1.60
14342400.00       5.51
14428800.00       0.50
14515200.00       0.70
14601600.00       0.10
14688000.00       0.00
14774400.00       0.00
14860800.00       0.50
14947200.00       0.00
15033600.00       0.00
15120000.00       2.40
15206400.00       4.81
15292800.00       0.10
15379200.00       2.50
15465600.00       4.00
15552000.00       0.00
15638400.00       0.00
15724800.00       0.00
15811200.00       2.00
