      0.00      12.52
  86400.00       2.12
 172800.00       2.18
 259200.00       0.05
 345600.00       0.05
 432000.00       0.11
 518400.00       0.77
 604800.00       1.03
 691200.00       2.04
 777600.00       0.01
 864000.00       1.34
 950400.00       2.21
1036800.00       2.08
1123200.00       3.55
1209600.00       6.28
1296000.00       0.74
1382400.00       0.09
1468800.00       4.59
1555200.00       9.71
1641600.00       6.55
1728000.00       0.59
1814400.00       0.72
1900800.00       1.09
1987200.00       0.22
2073600.00       0.23
2160000.00       0.64
2246400.00       0.41
2332800.00       2.13
2419200.00       0.97
2505600.00       0.96
2592000.00       0.20
2678400.00       1.03
2764800.00       0.40
2851200.00       0.08
2937600.00       0.36
3024000.00       2.21
3110400.00       1.12
3196800.00       1.22
3283200.00       1.91
3369600.00       1.21
3456000.00       0.95
3542400.00       1.25
3628800.00       0.18
3715200.00       0.81
3801600.00       0.18
3888000.00       0.00
3974400.00       0.01
4060800.00       0.01
4147200.00       0.01
4233600.00       2.20
4320000.00       0.14
4406400.00       5.64
4492800.00       5.05
4579200.00      15.12
4665600.00       0.15
4752000.00       7.86
4838400.00       0.32
4924800.00       3.34
5011200.00       0.06
5097600.00       0.02
5184000.00       0.09
5270400.00       0.18
5356800.00       0.00
5443200.00       0.00
5529600.00       0.01
5616000.00       0.00
5702400.00       0.25
5788800.00       3.47
5875200.00       7.94
5961600.00       7.08
6048000.00       1.01
6134400.00       1.19
6220800.00       0.21
6307200.00       1.20
6393600.00       1.25
6480000.00       0.88
6566400.00       0.24
6652800.00       0.31
6739200.00       0.69
6825600.00       0.71
6912000.00      19.08
6998400.00       6.02
7084800.00       2.02
7171200.00       1.19
7257600.00       0.02
7344000.00       0.77
7430400.00       7.20
7516800.00       1.03
7603200.00       0.30
7689600.00       0.03
7776000.00       3.38
7862400.00       1.26
7948800.00       0.52
8035200.00       0.01
8121600.00       0.05
8208000.00       0.02
8294400.00       0.00
8380800.00       0.02
8467200.00       0.63
8553600.00       0.00
8640000.00       0.05
8726400.00       0.94
8812800.00       0.91
8899200.00       0.54
8985600.00       0.17
9072000.00       0.46
9158400.00       5.44
9244800.00       2.56
9331200.00       2.50
9417600.00       0.06
9504000.00       0.29
9590400.00       0.05
9676800.00       0.03
9763200.00       0.02
9849600.00       0.02
9936000.00       0.00
10022400.00       0.08
10108800.00       5.96
10195200.00       0.62
10281600.00       0.16
10368000.00       0.23
10454400.00       3.69
10540800.00      12.31
10627200.00       1.45
10713600.00       0.08
10800000.00       2.03
10886400.00       4.55
10972800.00       0.07
11059200.00       0.23
11145600.00       0.42
11232000.00       0.15
11318400.00       2.17
11404800.00       9.67
11491200.00       5.65
11577600.00       3.14
11664000.00       0.47
11750400.00       0.02
11836800.00       0.10
11923200.00       0.46
12009600.00      13.05
12096000.00       2.78
12182400.00       3.33
12268800.00       0.90
12355200.00       6.16
12441600.00      11.33
12528000.00       0.09
12614400.00       0.10
12700800.00       0.03
12787200.00       0.10
12873600.00       0.02
12960000.00       0.02
13046400.00       0.49
13132800.00       0.04
13219200.00       0.21
13305600.00       0.33
13392000.00       0.15
13478400.00       0.03
13564800.00       0.47
13651200.00       0.05
13737600.00       2.90
13824000.00       2.80
13910400.00       0.07
13996800.00       0.30
14083200.00       0.02
14169600.00       0.01
14256000.00       0.04
14342400.00       0.02
14428800.00       0.04
14515200.00       0.01
14601600.00       0.02
14688000.00       0.02
14774400.00       0.07
14860800.00       1.42
14947200.00       0.06
15033600.00       0.11
15120000.00       0.40
15206400.00       0.22
15292800.00       1.10
15379200.00       0.10
15465600.00       0.05
15552000.00       0.03
15638400.00       0.03
15724800.00       2.56
15811200.00       0.22
15897600.00       0.17
15984000.00       0.46
