      0.00       0.14
  86400.00       0.32
 172800.00       0.63
 259200.00       1.54
 345600.00       0.79
 432000.00       0.06
 518400.00       0.53
 604800.00       1.63
 691200.00       7.35
 777600.00       1.04
 864000.00       0.22
 950400.00       7.39
1036800.00       0.58
1123200.00       3.86
1209600.00       0.01
1296000.00       0.13
1382400.00       0.15
1468800.00       0.05
1555200.00       0.29
1641600.00       0.13
1728000.00       0.06
1814400.00       0.04
1900800.00       1.92
1987200.00       1.70
2073600.00       0.32
2160000.00       0.13
2246400.00       0.17
2332800.00       0.03
2419200.00       0.44
2505600.00       0.47
2592000.00       0.04
2678400.00       2.29
2764800.00       0.36
2851200.00       0.04
2937600.00       1.44
3024000.00       1.58
3110400.00       0.16
3196800.00       1.67
3283200.00       1.01
3369600.00      14.57
3456000.00       0.70
3542400.00       1.00
3628800.00       0.19
3715200.00       1.89
3801600.00       0.08
3888000.00       2.01
3974400.00       2.71
4060800.00       2.75
4147200.00       0.17
4233600.00      12.33
4320000.00       0.26
4406400.00       0.04
4492800.00       0.06
4579200.00       0.00
4665600.00       0.01
4752000.00       0.14
4838400.00       0.10
4924800.00       2.30
5011200.00       0.77
5097600.00       0.08
5184000.00       0.17
5270400.00      10.09
5356800.00       2.72
5443200.00      10.45
5529600.00       4.60
5616000.00       1.40
5702400.00       0.14
5788800.00       0.17
5875200.00       0.46
5961600.00       0.20
6048000.00       0.22
6134400.00       2.37
6220800.00       0.24
6307200.00       0.09
6393600.00       0.14
6480000.00       1.64
6566400.00       2.43
6652800.00       1.92
6739200.00       0.08
6825600.00       0.13
6912000.00       0.10
6998400.00       1.58
7084800.00       0.57
7171200.00       0.01
7257600.00       1.35
7344000.00       1.46
7430400.00       1.74
7516800.00       1.57
7603200.00       2.70
7689600.00       5.50
7776000.00       0.04
7862400.00       5.34
7948800.00       4.67
8035200.00       0.24
8121600.00       0.78
8208000.00       9.61
8294400.00       0.90
8380800.00       0.30
8467200.00       0.20
8553600.00       0.21
8640000.00       0.01
8726400.00       0.19
8812800.00       3.51
8899200.00       0.07
8985600.00       7.82
9072000.00       0.46
9158400.00       0.23
9244800.00       9.06
9331200.00       1.84
9417600.00       1.22
9504000.00       0.06
9590400.00       0.53
9676800.00       1.47
9763200.00       0.14
9849600.00       0.05
9936000.00       0.47
10022400.00       0.06
10108800.00       4.76
10195200.00       0.79
10281600.00       5.00
10368000.00       1.11
10454400.00       0.19
10540800.00       0.05
10627200.00       0.07
10713600.00       0.17
10800000.00       0.05
10886400.00       0.00
10972800.00       0.44
11059200.00       0.03
11145600.00       0.05
11232000.00       0.35
11318400.00       0.13
11404800.00       0.07
11491200.00       0.19
11577600.00       0.33
11664000.00      18.36
11750400.00       6.20
11836800.00       0.02
11923200.00       0.01
12009600.00       0.02
12096000.00       0.02
12182400.00       0.01
12268800.00       4.68
12355200.00      10.70
12441600.00       0.32
12528000.00       0.09
12614400.00       0.00
12700800.00       0.15
12787200.00       3.24
12873600.00       5.70
12960000.00       6.85
13046400.00       2.80
13132800.00       3.68
13219200.00       3.02
13305600.00       0.97
13392000.00       0.03
13478400.00       0.01
13564800.00       0.14
13651200.00       3.39
13737600.00       0.16
13824000.00       0.11
13910400.00       0.43
13996800.00       0.33
14083200.00       1.94
14169600.00       4.05
14256000.00       3.31
14342400.00       1.19
14428800.00       9.05
14515200.00       9.10
14601600.00       2.60
14688000.00       1.17
14774400.00       0.51
14860800.00       5.65
14947200.00       4.39
15033600.00       0.81
15120000.00       0.54
15206400.00       1.83
15292800.00       7.23
15379200.00       1.07
15465600.00       0.04
15552000.00      11.08
15638400.00       0.25
15724800.00       1.05
15811200.00       0.27
15897600.00       1.57
15984000.00       0.57
