      0.00       0.94
  86400.00       7.41
 172800.00       0.61
 259200.00       0.00
 345600.00       0.00
 432000.00       0.02
 518400.00       0.04
 604800.00       0.00
 691200.00       0.02
 777600.00       0.00
 864000.00       0.00
 950400.00       0.00
1036800.00       0.23
1123200.00       0.03
1209600.00       0.00
1296000.00       0.02
1382400.00       0.02
1468800.00       0.02
1555200.00       0.03
1641600.00       0.07
1728000.00       0.08
1814400.00       0.03
1900800.00       1.74
1987200.00       0.47
2073600.00       2.29
2160000.00       1.60
2246400.00       1.46
2332800.00       1.31
2419200.00       0.49
2505600.00       0.12
2592000.00       1.04
2678400.00       2.34
2764800.00      13.67
2851200.00      24.16
2937600.00       9.84
3024000.00       0.34
3110400.00       0.02
3196800.00       0.03
3283200.00       1.81
3369600.00       0.37
3456000.00       0.71
3542400.00      11.14
3628800.00       9.78
3715200.00       1.39
3801600.00      12.11
3888000.00       2.59
3974400.00       4.55
4060800.00       4.99
4147200.00       7.06
4233600.00       4.44
4320000.00       8.00
4406400.00       0.00
4492800.00       0.13
4579200.00       0.55
4665600.00       6.56
4752000.00       6.68
4838400.00       1.04
4924800.00       0.85
5011200.00       7.57
5097600.00       1.38
5184000.00       0.51
5270400.00       0.01
5356800.00       0.06
5443200.00       0.07
5529600.00       0.00
5616000.00       0.03
5702400.00       1.58
5788800.00       8.04
5875200.00       0.18
5961600.00       0.32
6048000.00       4.78
6134400.00       3.75
6220800.00       0.17
6307200.00       2.41
6393600.00       0.70
6480000.00       0.06
6566400.00       0.09
6652800.00       2.88
6739200.00       3.88
6825600.00       1.97
6912000.00       9.47
6998400.00       3.66
7084800.00       0.24
7171200.00       4.36
7257600.00       8.90
7344000.00       1.00
7430400.00      20.25
7516800.00      23.36
7603200.00       3.97
7689600.00       1.30
7776000.00       0.29
7862400.00       1.49
7948800.00       0.11
8035200.00       0.00
8121600.00       0.51
8208000.00       0.02
8294400.00       0.51
8380800.00       1.64
8467200.00       0.00
8553600.00       1.68
8640000.00       1.98
8726400.00       0.00
8812800.00       0.00
8899200.00       0.03
8985600.00       0.00
9072000.00       0.00
9158400.00       0.03
9244800.00       0.00
9331200.00       0.00
9417600.00       0.00
9504000.00       3.04
9590400.00       2.64
9676800.00       0.18
9763200.00       1.90
9849600.00       0.25
9936000.00       0.04
10022400.00       0.04
10108800.00       0.00
10195200.00       0.00
10281600.00       0.09
10368000.00       5.34
10454400.00       0.62
10540800.00       0.41
10627200.00       0.65
10713600.00       0.90
10800000.00      12.81
10886400.00       0.03
10972800.00       1.50
11059200.00       0.13
11145600.00       1.66
11232000.00       5.78
11318400.00       7.03
11404800.00       0.28
11491200.00       4.08
11577600.00       0.58
11664000.00       0.15
11750400.00       0.00
11836800.00       0.00
11923200.00       0.00
12009600.00       0.00
12096000.00       0.00
12182400.00       0.00
12268800.00       0.00
12355200.00       0.00
12441600.00       0.00
12528000.00       0.03
12614400.00       0.00
12700800.00       0.00
12787200.00       0.35
12873600.00       8.77
12960000.00       2.41
13046400.00       0.00
13132800.00       0.00
13219200.00       0.00
13305600.00       4.86
13392000.00       4.14
13478400.00       0.00
13564800.00       0.00
13651200.00       0.00
13737600.00       0.07
13824000.00      11.64
13910400.00       0.00
13996800.00       0.00
14083200.00       0.00
14169600.00       0.00
14256000.00       2.79
14342400.00       0.36
14428800.00       0.42
14515200.00       0.14
14601600.00       0.14
14688000.00       6.24
14774400.00       0.00
14860800.00       5.67
14947200.00       0.00
15033600.00       0.00
15120000.00       0.00
15206400.00       0.00
15292800.00       3.99
15379200.00       2.74
15465600.00       0.72
15552000.00       0.86
15638400.00       0.00
15724800.00       0.00
15811200.00       2.50
