      0.00       0.89
  86400.00       6.10
 172800.00      28.70
 259200.00       1.06
 345600.00       0.83
 432000.00       0.05
 518400.00       2.64
 604800.00       5.25
 691200.00       9.05
 777600.00       1.14
 864000.00       0.46
 950400.00      11.93
1036800.00       6.93
1123200.00       5.70
1209600.00       6.40
1296000.00       4.89
1382400.00      30.06
1468800.00       8.46
1555200.00       0.28
1641600.00       1.06
1728000.00      16.13
1814400.00       0.24
1900800.00      11.39
1987200.00       7.30
2073600.00       1.00
2160000.00       0.43
2246400.00       7.13
2332800.00       1.02
2419200.00       1.81
2505600.00       1.87
2592000.00       0.28
2678400.00       0.37
2764800.00       0.02
2851200.00       0.12
2937600.00       0.06
3024000.00       0.71
3110400.00       0.08
3196800.00       0.43
3283200.00       0.09
3369600.00       0.63
3456000.00       0.08
3542400.00       0.08
3628800.00       0.05
3715200.00       2.97
3801600.00       0.30
3888000.00       0.06
3974400.00       0.54
4060800.00       0.57
4147200.00       0.37
4233600.00       0.39
4320000.00       0.04
4406400.00       0.09
4492800.00       0.33
4579200.00       0.27
4665600.00       0.18
4752000.00       0.53
4838400.00       2.53
4924800.00       0.24
5011200.00       0.11
5097600.00       0.12
5184000.00       0.31
5270400.00       0.52
5356800.00       0.16
5443200.00       0.10
5529600.00       0.16
5616000.00       0.43
5702400.00       7.61
5788800.00      11.14
5875200.00       0.98
5961600.00      15.32
6048000.00       2.47
6134400.00       3.84
6220800.00       1.96
6307200.00       0.05
6393600.00       0.63
6480000.00       0.23
6566400.00       7.77
6652800.00       4.52
6739200.00       3.60
6825600.00       2.04
6912000.00       0.82
6998400.00       5.18
7084800.00       1.31
7171200.00       8.24
7257600.00       0.26
7344000.00       0.01
7430400.00       0.08
7516800.00       1.51
7603200.00       2.78
7689600.00       0.59
7776000.00       0.43
7862400.00       0.17
7948800.00       0.14
8035200.00       1.71
8121600.00       0.19
8208000.00      12.14
8294400.00       0.85
8380800.00       7.49
8467200.00       1.30
8553600.00       0.06
8640000.00       0.01
8726400.00       0.00
8812800.00       0.01
8899200.00       1.08
8985600.00       0.09
9072000.00       4.37
9158400.00       2.48
9244800.00       1.65
9331200.00       6.73
9417600.00       0.07
9504000.00       1.44
9590400.00       1.47
9676800.00       0.02
9763200.00       0.87
9849600.00       0.11
9936000.00       0.04
10022400.00       0.03
10108800.00       0.09
10195200.00       0.05
10281600.00       0.20
10368000.00       0.02
10454400.00       0.01
10540800.00       0.04
10627200.00       0.01
10713600.00       0.01
10800000.00       0.01
10886400.00       0.22
10972800.00       0.05
11059200.00       0.01
11145600.00       0.03
11232000.00       0.03
11318400.00       0.00
11404800.00       0.00
11491200.00       0.00
11577600.00       0.21
11664000.00       0.17
11750400.00       0.00
11836800.00       0.00
11923200.00       0.00
12009600.00       0.00
12096000.00       0.07
12182400.00       0.19
12268800.00       0.08
12355200.00       0.13
12441600.00       0.03
12528000.00       0.11
12614400.00       0.00
12700800.00       0.01
12787200.00       0.03
12873600.00       0.05
12960000.00       0.03
13046400.00       0.02
13132800.00       0.02
13219200.00       0.04
13305600.00       0.03
13392000.00       0.07
13478400.00       0.52
13564800.00       0.06
13651200.00       0.15
13737600.00       0.02
13824000.00       0.01
13910400.00       0.01
13996800.00       0.03
14083200.00       0.08
14169600.00       0.06
14256000.00       0.09
14342400.00       9.88
14428800.00       4.81
14515200.00       0.14
14601600.00       0.04
14688000.00       0.04
14774400.00       0.05
14860800.00       0.07
14947200.00       0.05
15033600.00       0.03
15120000.00       0.26
15206400.00       0.06
15292800.00       0.01
15379200.00       0.03
15465600.00       0.07
15552000.00       0.04
15638400.00       0.02
15724800.00       0.00
15811200.00       0.00
15897600.00       0.02
15984000.00       0.01
