      0.00       0.37
  86400.00       0.10
 172800.00       7.82
 259200.00       1.22
 345600.00       0.74
 432000.00       0.00
 518400.00       0.04
 604800.00       0.25
 691200.00       0.09
 777600.00       0.06
 864000.00       0.03
 950400.00       0.00
1036800.00       0.03
1123200.00       0.04
1209600.00       0.00
1296000.00       0.00
1382400.00       0.19
1468800.00       0.70
1555200.00       0.03
1641600.00       0.02
1728000.00       0.00
1814400.00       0.83
1900800.00       0.40
1987200.00       0.60
2073600.00       0.15
2160000.00       0.10
2246400.00       0.09
2332800.00       0.00
2419200.00       0.00
2505600.00       0.00
2592000.00       0.03
2678400.00       0.00
2764800.00       0.00
2851200.00       0.00
2937600.00       0.00
3024000.00       0.00
3110400.00       0.00
3196800.00       0.00
3283200.00       0.00
3369600.00       0.00
3456000.00       0.00
3542400.00       0.00
3628800.00       0.00
3715200.00       0.00
3801600.00       0.00
3888000.00       0.00
3974400.00       0.35
4060800.00       0.03
4147200.00       0.32
4233600.00       0.07
4320000.00       0.00
4406400.00       0.00
4492800.00       0.10
4579200.00       0.00
4665600.00       0.28
4752000.00       6.84
4838400.00       2.91
4924800.00       0.27
5011200.00       0.10
5097600.00       0.00
5184000.00       0.00
5270400.00       0.00
5356800.00       0.00
5443200.00       1.87
5529600.00       0.76
5616000.00       6.02
5702400.00       0.89
5788800.00       2.73
5875200.00       3.31
5961600.00       3.07
6048000.00       5.74
6134400.00       2.91
6220800.00       2.30
6307200.00       0.23
6393600.00       0.44
6480000.00       3.80
6566400.00       3.01
6652800.00       3.07
6739200.00       0.00
6825600.00       2.29
6912000.00       7.39
6998400.00       0.29
7084800.00       0.14
7171200.00       0.00
7257600.00       0.03
7344000.00       0.00
7430400.00       0.00
7516800.00       0.00
7603200.00       0.00
7689600.00       0.00
7776000.00       0.00
7862400.00       0.00
7948800.00       0.00
8035200.00       0.00
8121600.00       0.00
8208000.00       0.00
8294400.00       1.65
8380800.00      11.49
8467200.00       0.00
8553600.00       1.02
8640000.00       0.00
8726400.00      10.85
8812800.00       4.87
8899200.00       0.11
8985600.00       1.12
9072000.00       1.51
9158400.00       0.22
9244800.00       1.32
9331200.00       0.00
9417600.00       3.30
9504000.00       2.58
9590400.00       7.07
9676800.00       8.88
9763200.00       5.18
9849600.00       2.50
9936000.00       4.23
10022400.00       7.78
10108800.00      15.71
10195200.00       5.86
10281600.00       0.44
10368000.00       1.40
10454400.00       1.46
10540800.00       0.71
10627200.00       3.40
10713600.00       7.38
10800000.00       1.77
10886400.00       0.03
10972800.00       0.00
11059200.00       0.00
11145600.00       0.78
11232000.00       0.00
11318400.00       0.00
11404800.00       0.03
11491200.00       0.29
11577600.00       0.64
11664000.00       0.12
11750400.00       0.00
11836800.00       0.71
11923200.00       3.20
12009600.00       2.51
12096000.00       0.00
12182400.00       0.00
12268800.00       0.03
12355200.00       0.06
12441600.00       0.01
12528000.00       1.81
12614400.00       0.34
12700800.00       7.64
12787200.00       0.00
12873600.00       0.00
12960000.00       1.75
13046400.00       0.05
13132800.00       3.21
13219200.00       0.12
13305600.00       0.02
13392000.00       4.46
13478400.00       7.14
13564800.00       0.65
13651200.00      18.80
13737600.00       0.08
13824000.00       0.00
13910400.00       0.03
13996800.00       0.00
14083200.00       0.01
14169600.00       6.73
14256000.00       0.03
14342400.00       0.00
14428800.00       0.02
14515200.00       0.08
14601600.00       3.15
14688000.00       0.00
14774400.00       0.06
14860800.00       0.00
14947200.00       0.15
15033600.00       0.05
15120000.00       0.08
15206400.00       6.33
15292800.00       4.39
15379200.00       0.63
15465600.00      12.53
15552000.00       1.59
15638400.00      10.56
15724800.00       0.41
15811200.00       0.03
