      0.00       0.06
  86400.00       0.00
 172800.00       0.46
 259200.00       6.57
 345600.00      12.17
 432000.00       3.87
 518400.00       0.57
 604800.00      14.59
 691200.00       6.09
 777600.00       0.26
 864000.00      22.65
 950400.00       0.95
1036800.00      16.27
1123200.00       0.57
1209600.00      13.63
1296000.00       0.11
1382400.00       0.52
1468800.00      15.77
1555200.00       1.50
1641600.00       3.67
1728000.00       1.51
1814400.00      11.01
1900800.00       3.62
1987200.00       1.72
2073600.00       8.68
2160000.00       8.87
2246400.00       6.83
2332800.00       1.26
2419200.00      25.89
2505600.00       5.09
2592000.00       0.18
2678400.00       2.15
2764800.00       1.28
2851200.00       2.94
2937600.00       2.07
3024000.00       0.13
3110400.00       0.16
3196800.00       0.25
3283200.00       0.20
3369600.00       0.14
3456000.00       0.02
3542400.00       0.02
3628800.00       1.90
3715200.00       0.06
3801600.00       2.89
3888000.00       1.55
3974400.00       1.44
4060800.00      10.16
4147200.00       0.75
4233600.00       0.77
4320000.00       8.18
4406400.00       1.78
4492800.00       9.71
4579200.00      16.13
4665600.00       5.73
4752000.00       0.22
4838400.00      12.33
4924800.00       7.21
5011200.00       0.03
5097600.00       0.12
5184000.00       0.00
5270400.00       0.01
5356800.00       2.07
5443200.00       0.37
5529600.00       0.06
5616000.00       3.31
5702400.00       0.08
5788800.00       1.42
5875200.00       0.98
5961600.00       2.70
6048000.00       0.08
6134400.00       0.08
6220800.00       0.10
6307200.00       0.61
6393600.00       1.76
6480000.00       7.15
6566400.00       0.14
6652800.00       0.04
6739200.00       0.00
6825600.00       0.00
6912000.00       0.00
6998400.00       0.06
7084800.00       1.68
7171200.00      13.94
7257600.00       3.13
7344000.00       2.10
7430400.00       6.28
7516800.00       2.78
7603200.00       0.02
7689600.00       0.01
7776000.00       1.97
7862400.00       8.44
7948800.00       2.82
8035200.00       8.33
8121600.00      14.13
8208000.00       4.73
8294400.00       0.13
8380800.00       0.03
8467200.00       0.93
8553600.00       1.99
8640000.00       0.07
8726400.00       0.06
8812800.00       0.40
8899200.00       1.84
8985600.00       4.25
9072000.00       2.09
9158400.00       0.11
9244800.00       0.03
9331200.00       0.00
9417600.00       0.09
9504000.00       0.07
9590400.00       0.01
9676800.00       0.04
9763200.00       0.78
9849600.00       0.24
9936000.00       0.20
10022400.00       0.10
10108800.00       0.00
10195200.00       0.01
10281600.00       0.10
10368000.00       0.00
10454400.00       0.17
10540800.00       0.05
10627200.00       0.00
10713600.00       0.03
10800000.00       0.87
10886400.00       0.03
10972800.00       0.00
11059200.00       0.05
11145600.00       0.00
11232000.00       0.00
11318400.00       0.01
11404800.00       0.04
11491200.00       0.18
11577600.00       0.04
11664000.00       0.04
11750400.00       1.15
11836800.00       0.55
11923200.00       0.85
12009600.00       0.70
12096000.00       0.07
12182400.00       0.12
12268800.00       0.07
12355200.00       0.74
12441600.00       0.08
12528000.00       0.18
12614400.00       0.16
12700800.00       1.23
12787200.00       0.27
12873600.00       0.04
12960000.00       0.02
13046400.00       0.00
13132800.00       0.00
13219200.00       0.00
13305600.00       0.04
13392000.00       0.05
13478400.00       0.05
13564800.00       0.89
13651200.00       0.94
13737600.00       0.14
13824000.00       0.47
13910400.00       0.03
13996800.00       0.00
14083200.00       0.07
14169600.00       0.02
14256000.00       0.04
14342400.00       0.03
14428800.00       0.00
14515200.00       0.02
14601600.00       0.02
14688000.00       0.21
14774400.00       0.03
14860800.00       2.87
14947200.00       1.04
15033600.00       8.56
15120000.00       1.14
15206400.00       0.05
15292800.00       0.01
15379200.00       0.37
15465600.00       3.96
15552000.00       0.03
15638400.00       0.00
15724800.00       0.00
15811200.00       0.95
15897600.00       0.06
15984000.00       1.11
