      0.00       0.67
  86400.00       3.88
 172800.00       9.05
 259200.00       1.12
 345600.00       6.18
 432000.00       1.28
 518400.00       1.12
 604800.00       2.05
 691200.00       8.67
 777600.00       1.91
 864000.00       0.80
 950400.00       9.13
1036800.00       2.33
1123200.00       4.10
1209600.00       1.46
1296000.00       3.32
1382400.00       0.74
1468800.00       0.76
1555200.00       0.02
1641600.00       0.01
1728000.00       0.00
1814400.00       0.00
1900800.00       0.05
1987200.00       0.00
2073600.00       0.00
2160000.00       0.00
2246400.00       0.00
2332800.00       0.02
2419200.00       0.00
2505600.00       0.00
2592000.00       0.00
2678400.00       0.07
2764800.00       3.30
2851200.00       2.75
2937600.00       4.34
3024000.00       0.01
3110400.00       0.03
3196800.00       0.93
3283200.00       2.02
3369600.00       2.26
3456000.00       0.01
3542400.00       0.00
3628800.00       0.03
3715200.00       0.29
3801600.00       0.00
3888000.00       0.00
3974400.00       0.03
4060800.00       0.00
4147200.00       0.00
4233600.00       0.00
4320000.00       0.01
4406400.00       0.01
4492800.00       0.00
4579200.00       0.00
4665600.00       1.20
4752000.00       0.42
4838400.00       1.35
4924800.00       0.63
5011200.00       0.04
5097600.00       0.01
5184000.00       0.00
5270400.00       0.12
5356800.00       2.34
5443200.00       3.06
5529600.00       1.12
5616000.00       0.00
5702400.00       0.00
5788800.00       8.93
5875200.00       4.54
5961600.00       6.57
6048000.00       0.83
6134400.00       1.12
6220800.00       0.01
6307200.00       0.00
6393600.00       0.00
6480000.00       0.00
6566400.00       0.00
6652800.00       0.82
6739200.00       0.30
6825600.00       0.79
6912000.00       0.18
6998400.00       0.00
7084800.00       0.01
7171200.00       0.00
7257600.00       0.10
7344000.00       0.00
7430400.00       0.72
7516800.00       0.82
7603200.00       0.56
7689600.00       2.01
7776000.00       0.00
7862400.00       0.00
7948800.00       0.00
8035200.00       0.02
8121600.00       0.05
8208000.00       3.91
8294400.00       0.45
8380800.00       3.82
8467200.00      10.49
8553600.00       0.91
8640000.00       7.14
8726400.00      21.90
8812800.00       1.23
8899200.00       8.53
8985600.00       2.82
9072000.00       0.11
9158400.00       1.34
9244800.00       0.40
9331200.00       0.10
9417600.00       5.58
9504000.00       3.72
9590400.00       0.01
9676800.00       0.00
9763200.00       0.00
9849600.00       0.00
9936000.00       9.43
10022400.00       0.06
10108800.00       0.00
10195200.00       0.00
10281600.00       0.00
10368000.00       0.00
10454400.00       0.00
10540800.00       0.00
10627200.00       0.00
10713600.00       0.00
10800000.00       0.00
10886400.00       0.00
10972800.00       2.13
11059200.00       0.45
11145600.00       0.00
11232000.00       0.00
11318400.00       0.01
11404800.00       0.03
11491200.00       0.13
11577600.00       0.55
11664000.00       0.00
11750400.00       0.00
11836800.00       0.00
11923200.00       1.26
12009600.00       1.04
12096000.00      21.37
12182400.00       1.40
12268800.00       0.01
12355200.00       0.00
12441600.00       1.89
12528000.00       0.00
12614400.00       2.47
12700800.00       9.47
12787200.00       2.40
12873600.00       0.09
12960000.00       0.50
13046400.00       4.74
13132800.00       0.09
13219200.00       0.00
13305600.00       0.00
13392000.00       0.00
13478400.00       0.65
13564800.00       0.25
13651200.00       0.42
13737600.00       0.52
13824000.00       4.11
13910400.00       4.09
13996800.00       0.60
14083200.00       3.35
14169600.00       4.40
14256000.00       1.97
14342400.00       9.00
14428800.00       0.00
14515200.00       7.88
14601600.00       1.47
14688000.00       2.68
14774400.00       1.33
14860800.00       0.00
14947200.00       0.01
15033600.00       0.00
15120000.00       0.00
15206400.00       0.00
15292800.00       0.00
15379200.00       0.00
15465600.00       0.31
15552000.00       0.54
15638400.00       0.00
15724800.00       0.01
15811200.00       0.19
