      0.00       0.03
  86400.00       5.12
 172800.00       1.38
 259200.00       0.14
 345600.00       0.03
 432000.00       0.03
 518400.00       0.04
 604800.00       0.12
 691200.00       0.25
 777600.00       0.65
 864000.00       1.17
 950400.00       0.78
1036800.00       0.33
1123200.00       0.02
1209600.00       0.07
1296000.00       0.01
1382400.00       0.00
1468800.00       0.00
1555200.00       0.01
1641600.00       0.11
1728000.00       3.00
1814400.00       3.09
1900800.00       0.26
1987200.00       0.10
2073600.00       0.07
2160000.00       0.09
2246400.00       0.50
2332800.00       0.85
2419200.00       1.18
2505600.00       2.19
2592000.00       1.61
2678400.00       0.56
2764800.00       1.82
2851200.00       0.55
2937600.00       4.66
3024000.00       0.08
3110400.00       0.05
3196800.00       0.02
3283200.00       0.08
3369600.00       0.06
3456000.00       0.13
3542400.00       0.25
3628800.00       0.08
3715200.00       0.30
3801600.00       0.57
3888000.00       0.12
3974400.00       0.64
4060800.00       0.05
4147200.00       0.01
4233600.00       3.32
4320000.00      17.17
4406400.00       0.41
4492800.00       0.03
4579200.00       0.01
4665600.00       0.01
4752000.00       0.93
4838400.00      13.48
4924800.00       7.04
5011200.00       5.87
5097600.00       0.27
5184000.00       0.03
5270400.00       0.03
5356800.00       0.02
5443200.00       0.00
5529600.00       1.09
5616000.00       2.25
5702400.00       0.11
5788800.00       4.51
5875200.00       5.77
5961600.00       5.69
6048000.00       0.73
6134400.00       0.14
6220800.00       1.45
6307200.00       0.88
6393600.00       0.50
6480000.00       0.03
6566400.00       0.00
6652800.00       0.03
6739200.00       0.09
6825600.00       0.41
6912000.00       0.35
6998400.00       2.68
7084800.00       8.44
7171200.00       1.12
7257600.00       6.47
7344000.00       2.51
7430400.00       0.50
7516800.00       1.88
7603200.00       8.72
7689600.00       4.87
7776000.00       0.09
7862400.00       0.10
7948800.00       0.20
8035200.00       0.04
8121600.00       0.03
8208000.00       2.29
8294400.00       0.07
8380800.00       0.04
8467200.00       0.04
8553600.00       5.17
8640000.00       2.45
8726400.00       7.57
8812800.00       4.86
8899200.00       4.60
8985600.00       0.72
9072000.00       0.69
9158400.00       2.19
9244800.00       2.41
9331200.00       2.62
9417600.00       0.11
9504000.00       1.19
9590400.00       2.64
9676800.00      11.23
9763200.00       1.35
9849600.00       1.90
9936000.00       5.56
10022400.00       2.51
10108800.00       0.66
10195200.00       0.04
10281600.00       0.08
10368000.00       8.16
10454400.00       0.04
10540800.00       0.10
10627200.00       1.20
10713600.00       0.01
10800000.00       0.00
10886400.00       0.06
10972800.00       6.63
11059200.00       0.10
11145600.00       0.05
11232000.00       0.24
11318400.00       0.14
11404800.00       0.01
11491200.00       1.92
11577600.00       0.35
11664000.00       0.09
11750400.00       3.00
11836800.00       0.23
11923200.00       1.91
12009600.00       0.07
12096000.00       0.25
12182400.00       4.26
12268800.00       6.96
12355200.00       0.30
12441600.00       7.15
12528000.00       0.08
12614400.00       4.39
12700800.00       0.02
12787200.00       0.05
12873600.00       4.68
12960000.00       0.30
13046400.00       0.06
13132800.00       1.58
13219200.00       5.79
13305600.00       5.71
13392000.00       0.45
13478400.00       0.74
13564800.00       0.70
13651200.00       0.14
13737600.00       0.04
13824000.00       4.31
13910400.00       1.51
13996800.00       0.86
14083200.00       0.09
14169600.00       0.55
14256000.00       8.26
14342400.00       0.02
14428800.00       0.01
14515200.00       0.02
14601600.00       0.05
14688000.00       0.06
14774400.00       0.33
14860800.00       0.05
14947200.00       0.31
15033600.00       0.64
15120000.00       0.08
15206400.00       0.43
15292800.00       3.22
15379200.00       0.07
15465600.00       0.02
15552000.00       0.02
15638400.00       1.21
15724800.00       0.04
15811200.00       0.20
15897600.00       1.35
15984000.00       0.24
