      0.00       1.09
  86400.00       2.23
 172800.00       6.06
 259200.00       3.17
 345600.00       4.54
 432000.00       0.09
 518400.00       2.96
 604800.00       1.17
 691200.00       0.04
 777600.00       0.05
 864000.00       1.11
 950400.00       1.31
1036800.00       0.00
1123200.00       0.01
1209600.00       0.15
1296000.00       0.03
1382400.00       0.29
1468800.00       0.03
1555200.00       0.97
1641600.00       1.58
1728000.00       0.98
1814400.00       7.88
1900800.00       0.28
1987200.00       0.00
2073600.00       0.00
2160000.00       0.00
2246400.00       0.02
2332800.00       0.44
2419200.00       0.11
2505600.00       0.08
2592000.00       0.10
2678400.00       1.03
2764800.00       0.06
2851200.00       1.09
2937600.00       0.14
3024000.00       0.00
3110400.00       0.00
3196800.00       0.03
3283200.00       0.00
3369600.00       0.00
3456000.00       0.00
3542400.00       0.00
3628800.00       0.00
3715200.00       0.00
3801600.00       0.23
3888000.00       0.00
3974400.00       0.29
4060800.00       0.57
4147200.00       0.03
4233600.00       0.00
4320000.00       0.15
4406400.00       0.15
4492800.00       0.05
4579200.00       0.01
4665600.00       0.52
4752000.00       0.27
4838400.00       1.47
4924800.00       0.87
5011200.00       0.07
5097600.00       0.00
5184000.00       3.18
5270400.00       0.58
5356800.00       1.05
5443200.00       0.81
5529600.00       0.01
5616000.00       0.00
5702400.00       0.00
5788800.00       0.00
5875200.00       0.00
5961600.00       0.00
6048000.00       0.00
6134400.00       4.03
6220800.00       0.99
6307200.00       2.48
6393600.00       1.32
6480000.00       0.58
6566400.00      12.20
6652800.00      18.06
6739200.00      15.12
6825600.00       1.95
6912000.00       1.71
6998400.00       0.00
7084800.00       0.00
7171200.00       0.00
7257600.00       0.00
7344000.00       0.00
7430400.00       1.18
7516800.00       0.34
7603200.00      10.93
7689600.00       0.66
7776000.00       0.05
7862400.00       0.05
7948800.00       0.00
8035200.00       4.48
8121600.00       0.09
8208000.00       0.32
8294400.00      17.82
8380800.00       4.80
8467200.00       0.65
8553600.00       3.30
8640000.00       0.71
8726400.00       0.23
8812800.00       0.01
8899200.00       0.00
8985600.00       0.00
9072000.00       0.00
9158400.00       0.00
9244800.00       0.02
9331200.00       0.00
9417600.00       0.00
9504000.00       0.00
9590400.00       0.00
9676800.00       0.02
9763200.00       0.24
9849600.00       0.03
9936000.00       0.52
10022400.00       0.00
10108800.00       0.01
10195200.00      24.13
10281600.00       2.10
10368000.00       0.05
10454400.00       0.59
10540800.00       0.11
10627200.00       0.12
10713600.00       0.03
10800000.00       0.00
10886400.00       0.03
10972800.00       0.00
11059200.00       0.00
11145600.00       0.00
11232000.00       0.01
11318400.00       1.74
11404800.00      31.32
11491200.00       0.09
11577600.00       0.00
11664000.00       0.03
11750400.00       0.17
11836800.00       0.37
11923200.00       0.00
12009600.00       9.57
12096000.00       2.35
12182400.00       0.84
12268800.00      12.09
12355200.00       6.90
12441600.00       3.85
12528000.00       0.81
12614400.00       1.12
12700800.00       1.23
12787200.00       3.41
12873600.00       1.61
12960000.00      16.98
13046400.00       0.26
13132800.00       0.04
13219200.00       0.29
13305600.00      13.71
13392000.00       0.26
13478400.00       0.17
13564800.00       2.97
13651200.00       0.00
13737600.00       2.37
13824000.00       4.97
13910400.00      20.22
13996800.00       0.15
14083200.00       0.23
14169600.00       0.01
14256000.00       0.00
14342400.00       1.72
14428800.00       0.00
14515200.00       5.17
14601600.00       2.61
14688000.00       2.57
14774400.00       0.31
14860800.00       7.76
14947200.00       0.09
15033600.00       0.30
15120000.00       0.00
15206400.00       0.00
15292800.00       0.00
15379200.00       0.00
15465600.00       0.00
15552000.00       0.00
15638400.00       0.79
15724800.00       4.69
15811200.00       2.86
