      0.00       5.89
  86400.00       3.40
 172800.00       0.19
 259200.00       2.45
 345600.00       0.81
 432000.00       0.00
 518400.00       0.03
 604800.00       0.03
 691200.00       0.00
 777600.00       0.09
 864000.00       1.89
 950400.00       0.10
1036800.00       0.00
1123200.00       0.00
1209600.00       0.00
1296000.00       0.52
1382400.00       0.00
1468800.00       0.11
1555200.00       0.04
1641600.00       0.05
1728000.00       3.40
1814400.00       2.16
1900800.00       3.55
1987200.00       0.23
2073600.00       0.05
2160000.00       1.87
2246400.00       0.00
2332800.00       0.29
2419200.00      19.58
2505600.00       1.98
2592000.00       0.07
2678400.00       0.02
2764800.00       0.00
2851200.00       0.56
2937600.00       0.43
3024000.00       0.88
3110400.00       2.65
3196800.00       3.87
3283200.00       0.29
3369600.00       0.00
3456000.00       0.00
3542400.00       0.00
3628800.00       3.19
3715200.00       0.79
3801600.00       1.41
3888000.00       2.90
3974400.00       0.00
4060800.00       7.92
4147200.00       2.09
4233600.00       1.00
4320000.00       0.05
4406400.00       0.00
4492800.00       1.41
4579200.00       0.81
4665600.00       6.32
4752000.00       1.49
4838400.00       3.95
4924800.00       3.37
5011200.00       0.99
5097600.00       0.15
5184000.00       0.00
5270400.00       0.74
5356800.00       0.75
5443200.00       1.02
5529600.00       0.09
5616000.00       0.00
5702400.00       0.89
5788800.00       0.21
5875200.00       0.98
5961600.00       1.02
6048000.00       0.23
6134400.00       0.00
6220800.00       0.00
6307200.00       0.05
6393600.00       0.92
6480000.00       0.03
6566400.00       2.32
6652800.00       0.03
6739200.00       1.29
6825600.00       6.06
6912000.00       2.06
6998400.00       4.04
7084800.00       0.96
7171200.00       0.92
7257600.00       0.33
7344000.00       0.05
7430400.00       0.03
7516800.00       0.03
7603200.00       0.03
7689600.00       1.67
7776000.00       1.40
7862400.00       0.06
7948800.00       1.86
8035200.00       0.05
8121600.00       7.65
8208000.00       0.69
8294400.00       3.70
8380800.00       0.00
8467200.00       0.00
8553600.00       0.00
8640000.00       0.00
8726400.00       0.00
8812800.00       0.05
8899200.00       0.06
8985600.00       0.00
9072000.00       3.05
9158400.00       0.54
9244800.00       0.47
9331200.00       0.03
9417600.00       0.00
9504000.00       0.00
9590400.00       0.00
9676800.00       0.00
9763200.00       0.00
9849600.00       0.44
9936000.00       9.36
10022400.00       0.06
10108800.00       0.02
10195200.00       0.00
10281600.00       4.62
10368000.00       1.06
10454400.00       2.00
10540800.00       0.96
10627200.00       0.03
10713600.00       2.08
10800000.00       3.41
10886400.00       2.83
10972800.00       0.89
11059200.00       1.25
11145600.00       0.21
11232000.00       0.00
11318400.00       0.00
11404800.00       0.00
11491200.00       0.00
11577600.00       0.00
11664000.00       0.03
11750400.00       0.00
11836800.00       0.00
11923200.00       0.00
12009600.00       0.61
12096000.00       0.42
12182400.00       0.17
12268800.00       0.06
12355200.00       0.00
12441600.00       6.34
12528000.00      15.41
12614400.00       0.68
12700800.00       7.90
12787200.00       2.94
12873600.00       0.23
12960000.00       0.38
13046400.00       5.71
13132800.00       3.67
13219200.00       2.13
13305600.00       0.80
13392000.00       0.03
13478400.00       5.18
13564800.00       0.40
13651200.00       0.00
13737600.00       0.00
13824000.00       0.00
13910400.00       0.00
13996800.00       0.00
14083200.00       0.69
14169600.00       0.06
14256000.00       6.43
14342400.00       0.31
14428800.00       0.00
14515200.00       0.00
14601600.00       0.03
14688000.00       7.95
14774400.00       4.08
14860800.00       0.08
14947200.00       2.27
15033600.00       6.97
15120000.00       0.24
15206400.00       9.52
15292800.00       1.36
15379200.00       0.12
15465600.00       0.00
15552000.00       0.15
15638400.00       0.00
15724800.00       0.00
15811200.00       1.15
