      0.00      13.27
  86400.00       5.97
 172800.00       5.93
 259200.00       4.80
 345600.00       0.17
 432000.00       0.02
 518400.00       0.01
 604800.00       0.03
 691200.00       0.00
 777600.00       0.03
 864000.00       0.18
 950400.00      11.42
1036800.00      20.88
1123200.00       0.08
1209600.00       7.98
1296000.00      12.44
1382400.00       3.98
1468800.00       0.99
1555200.00       0.10
1641600.00       0.06
1728000.00       1.16
1814400.00       1.21
1900800.00       1.61
1987200.00       3.75
2073600.00       1.74
2160000.00       0.49
2246400.00       3.01
2332800.00       8.12
2419200.00       2.83
2505600.00       0.31
2592000.00       0.18
2678400.00       0.32
2764800.00       0.32
2851200.00       0.10
2937600.00       0.12
3024000.00       0.09
3110400.00       0.10
3196800.00       0.54
3283200.00       0.16
3369600.00       3.51
3456000.00       1.77
3542400.00       0.57
3628800.00       5.70
3715200.00       2.46
3801600.00       3.51
3888000.00       1.16
3974400.00       0.12
4060800.00       1.10
4147200.00       4.10
4233600.00       6.76
4320000.00       4.26
4406400.00       6.88
4492800.00       7.32
4579200.00       4.61
4665600.00       0.90
4752000.00       1.15
4838400.00       0.03
4924800.00       5.95
5011200.00       0.34
5097600.00       0.21
5184000.00       0.15
5270400.00       5.00
5356800.00       3.39
5443200.00       0.71
5529600.00       0.11
5616000.00       1.43
5702400.00       1.36
5788800.00       0.99
5875200.00       0.63
5961600.00       0.37
6048000.00       0.76
6134400.00       0.14
6220800.00       2.01
6307200.00       0.85
6393600.00       1.99
6480000.00       1.26
6566400.00       0.16
6652800.00       0.40
6739200.00       0.16
6825600.00       6.95
6912000.00       1.29
6998400.00       0.20
7084800.00       0.04
7171200.00       0.16
7257600.00       2.00
7344000.00       1.62
7430400.00       1.09
7516800.00      11.33
7603200.00       0.26
7689600.00       5.56
7776000.00       5.57
7862400.00       0.22
7948800.00       0.07
8035200.00       0.01
8121600.00       0.13
8208000.00       1.18
8294400.00       1.52
8380800.00       0.00
8467200.00       0.00
8553600.00       0.00
8640000.00       0.00
8726400.00       0.04
8812800.00       6.98
8899200.00       6.78
8985600.00       1.27
9072000.00       0.40
9158400.00       0.20
9244800.00       0.82
9331200.00       0.20
9417600.00       0.90
9504000.00       6.82
9590400.00       0.24
9676800.00       2.83
9763200.00       1.40
9849600.00       2.48
9936000.00       0.06
10022400.00       0.87
10108800.00       0.76
10195200.00       0.04
10281600.00       0.01
10368000.00       0.01
10454400.00       0.00
10540800.00       0.00
10627200.00       0.00
10713600.00       0.00
10800000.00       0.00
10886400.00       0.08
10972800.00       0.22
11059200.00       0.01
11145600.00       0.01
11232000.00       0.01
11318400.00       0.01
11404800.00       0.01
11491200.00       0.02
11577600.00       0.02
11664000.00       0.01
11750400.00       0.00
11836800.00       0.02
11923200.00       0.00
12009600.00       0.10
12096000.00       9.92
12182400.00      17.00
12268800.00       1.77
12355200.00       9.00
12441600.00       5.11
12528000.00       7.77
12614400.00       3.70
12700800.00       3.76
12787200.00       2.06
12873600.00      21.48
12960000.00      10.60
13046400.00       3.67
13132800.00       0.06
13219200.00       0.16
13305600.00       0.06
13392000.00       0.00
13478400.00       0.00
13564800.00       0.32
13651200.00       0.23
13737600.00       0.48
13824000.00       1.34
13910400.00       0.40
13996800.00       0.12
14083200.00       0.23
14169600.00       0.33
14256000.00       1.94
14342400.00       0.04
14428800.00       1.26
14515200.00       0.03
14601600.00       1.41
14688000.00       0.24
14774400.00       0.27
14860800.00       0.14
14947200.00       0.14
15033600.00       0.00
15120000.00       0.84
15206400.00       0.01
15292800.00       0.00
15379200.00       0.02
15465600.00       0.05
15552000.00       0.03
15638400.00       1.18
15724800.00       0.03
15811200.00       0.00
15897600.00       0.26
15984000.00       0.10
