0	0.53
86400	4.91
172800	0.53
259200	0.75
345600	0.62
432000	19.72
518400	1.26
604800	40
691200	6.1
777600	7.12
864000	0.98
950400	0.55
1036800	4.88
1123200	1.19
1209600	0.29
1296000	0.3
1382400	0.9
1468800	3.31
1555200	1.78
1641600	3.01
1728000	0.19
1814400	1.28
1900800	0.26
1987200	6.88
2073600	21.5
2160000	2.07
2246400	0.2
2332800	1.06
2419200	0.9
2505600	1.37
2592000	1.52
2678400	0.53
2764800	1.96
2851200	1.64
2937600	0.97
3024000	0.37
3110400	0.66
3196800	17.54
3283200	0.73
3369600	1.73
3456000	1.44
3542400	1.48
3628800	2.87
3715200	4.52
3801600	25.86
3888000	0.46
3974400	0.51
4060800	0.2
4147200	1.82
4233600	7.27
4320000	6.77
4406400	0.4
4492800	0.34
4579200	1.26
4665600	0.71
4752000	0.85
4838400	0.84
4924800	1.4
5011200	1.2
5097600	1.71
5184000	1.14
5270400	1.23
5356800	12.82
5443200	1.15
5529600	4.94
5616000	1.28
5702400	0.44
5788800	2.64
5875200	0.32
5961600	1.69
6048000	12.64
6134400	0.21
6220800	1.54
6307200	0.54
6393600	0.4
6480000	1.84
6566400	0.29
6652800	12.14
6739200	0.45
6825600	0.45
6912000	0.23
6998400	0.86
7084800	1.23
7171200	3.4
7257600	5.76
7344000	0.48
7430400	0.23
7516800	4.03
7603200	1.33
7689600	0.82
7776000	0.43
7862400	11.47
7948800	0.94
8035200	2.5
8121600	0.6
8208000	0.87
8294400	0.52
8380800	0.5
8467200	0.26
8553600	1.31
8640000	1.56
8726400	13.27
8812800	5.22
8899200	0.2
8985600	0.35
9072000	1.59
9158400	0.8
9244800	3.49
9331200	4.57
9417600	5.99
9504000	0.85
9590400	1.05
9676800	6.39
9763200	1.2
9849600	0.41
9936000	0.53
10022400	0.58
10108800	2.77
10195200	1.3
10281600	0.66
10368000	0.51
10454400	2.16
10540800	3.59
10627200	4.62
10713600	0.43
10800000	0.47
10886400	2.1
10972800	0.52
11059200	2.49
11145600	2.91
11232000	1.22
11318400	0.91
11404800	1.64
11491200	0.46
11577600	1.24
11664000	0.93
11750400	2.14
11836800	1.09
11923200	7.23
12009600	0.9
12096000	1.42
12182400	2.83
12268800	1.18
12355200	0.23
12441600	0.82
12528000	5.17
12614400	6.27
12700800	1.83
12787200	0.48
12873600	1.44
12960000	0.78
13046400	18.46
13132800	1.12
13219200	0.46
13305600	1.73
13392000	4.09
13478400	0.1
13564800	1.13
13651200	2.24
13737600	2.26
13824000	0.55
13910400	4.8
13996800	7.75
14083200	7.85
14169600	0.31
14256000	0.52
14342400	0.61
14428800	0.19
14515200	5.44
14601600	2.15
14688000	19.02
14774400	2.73
14860800	0.52
14947200	1.09
15033600	1
15120000	1.44
15206400	0.84
15292800	0.97
15379200	0.39
15465600	0.46
15552000	1.06
15638400	8.91
15724800	0.55
15811200	0.85
15897600	0.71
15984000	0.93
16070400	5.06
16156800	1.86
16243200	1.23
16329600	1.77
16416000	2
16502400	3.41
16588800	1.7
16675200	6.8
16761600	2.26
16848000	0.74
16934400	0.23
17020800	3.56
17107200	6.07
17193600	1.13
17280000	1.23
17366400	0.76
17452800	0.41
17539200	8.69
17625600	19.28
17712000	0.84
17798400	2.76
17884800	3.19
17971200	0.26
18057600	0.48
18144000	0.68
18230400	13.56
18316800	0.72
18403200	0.62
18489600	5.55
18576000	2.16
18662400	0.18
18748800	0.66
18835200	0.43
18921600	0.37
19008000	0.87
19094400	1.86
19180800	0.26
19267200	4.19
19353600	1.43
19440000	0.16
19526400	0.27
19612800	2.85
19699200	9.82
19785600	4.48
19872000	4
19958400	0.67
20044800	3.25
20131200	0.31
20217600	4.08
20304000	1.42
20390400	1.45
20476800	2.53
20563200	2.63
20649600	4.15
20736000	1.34
20822400	0.09
20908800	6.22
20995200	7.33
21081600	1.53
21168000	0.61
21254400	3.54
21340800	0.17
21427200	3.19
21513600	0.2
21600000	1.01
21686400	0.57
21772800	1.81
21859200	0.55
21945600	0.29
22032000	2.26
22118400	0.63
22204800	0.28
22291200	0.47
22377600	7.82
22464000	2.8
22550400	0.4
22636800	0.85
22723200	0.45
22809600	0.69
22896000	3.68
22982400	0.31
23068800	0.44
23155200	1.46
23241600	0.5
23328000	0.67
23414400	5.47
23500800	7.47
23587200	2.64
23673600	2.02
23760000	0.46
23846400	0.5
23932800	1.04
24019200	0.21
24105600	0.74
24192000	7.97
24278400	0.97
24364800	1.22
24451200	1.17
24537600	1.54
24624000	0.59
24710400	0.69
24796800	0.65
24883200	1.81
24969600	0.48
25056000	3.52
25142400	0.28
25228800	1.12
25315200	0.5
25401600	1.88
25488000	0.43
25574400	2.25
25660800	1.32
25747200	0.83
25833600	0.67
25920000	3.88
26006400	2.76
26092800	0.28
26179200	1.61
26265600	2.08
26352000	2.76
26438400	3.11
26524800	0.58
26611200	0.5
26697600	1.34
26784000	0.42
26870400	12.9
26956800	0.21
27043200	40
27129600	1.57
27216000	7.18
27302400	12.28
27388800	0.91
27475200	1.32
27561600	1.09
27648000	1.97
27734400	12.85
27820800	0.41
27907200	0.43
27993600	0.44
28080000	0.95
28166400	0.92
28252800	12.6
28339200	2.14
28425600	3.14
28512000	6.54
28598400	0.36
28684800	0.64
28771200	5.5
28857600	2.06
28944000	1.85
29030400	2.07
29116800	1.18
29203200	1.35
29289600	10.11
29376000	0.58
29462400	2.41
29548800	0.7
29635200	1.01
29721600	2.51
29808000	5.23
29894400	4.39
29980800	1.28
30067200	0.96
30153600	2.08
30240000	0.61
30326400	6.27
30412800	3.03
30499200	1.44
30585600	1.06
30672000	6.07
30758400	0.71
30844800	3.28
30931200	2.92
31017600	0.98
31104000	18.5
31190400	0.87
31276800	0.44
31363200	2.74
31449600	0.47
31536000	2.4
31622400	1.25
31708800	1.36
31795200	1.01
31881600	1.17
31968000	1.26
32054400	3.64
32140800	1.96
32227200	0.18
32313600	2.37
32400000	3.75
32486400	0.16
32572800	3.7
32659200	0.86
32745600	1.03
32832000	3.54
32918400	3
33004800	2.12
33091200	1.04
33177600	0.25
33264000	0.63
33350400	1.43
33436800	0.61
33523200	0.72
33609600	2.16
33696000	6.74
33782400	0.33
33868800	0.91
33955200	3.35
34041600	1.24
34128000	0.67
34214400	0.49
34300800	0.92
34387200	1.25
34473600	0.65
34560000	9.89
34646400	9.33
34732800	2.09
34819200	1.13
34905600	2.17
34992000	0.71
35078400	1.85
35164800	0.56
35251200	1.96
35337600	3.88
35424000	0.29
35510400	0.27
35596800	0.4
35683200	1.42
35769600	2.06
35856000	2.04
35942400	0.68
36028800	0.48
36115200	0.63
36201600	5.74
36288000	0.43
36374400	1.09
36460800	3.13
36547200	0.85
36633600	2.88
36720000	0.82
36806400	0.23
36892800	1.04
36979200	0.37
37065600	0.55
37152000	4.59
37238400	0.22
37324800	1.62
37411200	0.85
37497600	1.28
37584000	3.54
37670400	1.28
37756800	0.91
37843200	0.36
37929600	4.53
38016000	0.35
38102400	0.21
38188800	2.04
38275200	1.16
38361600	0.58
38448000	0.46
38534400	0.69
38620800	5.3
38707200	0.41
38793600	1.36
38880000	0.22
38966400	1.12
39052800	1.52
39139200	0.82
39225600	0.41
39312000	16.62
39398400	0.45
39484800	12.46
39571200	2.21
39657600	1.13
39744000	3.75
39830400	2.12
39916800	0.96
40003200	0.66
40089600	0.41
40176000	16.28
40262400	0.81
40348800	6.38
40435200	2.38
40521600	40
40608000	2.96
40694400	0.42
40780800	30.21
40867200	0.25
40953600	1.6
41040000	1.21
41126400	0.13
41212800	1.14
41299200	7.37
41385600	0.52
41472000	0.59
41558400	26.27
41644800	0.69
41731200	0.18
41817600	4.98
41904000	0.62
41990400	3.4
42076800	0.98
42163200	0.31
42249600	0.09
42336000	3.75
42422400	0.74
42508800	0.48
42595200	0.26
42681600	1.22
42768000	1.83
42854400	1.24
42940800	1.04
43027200	2.95
43113600	7.1
43200000	2.26
43286400	1.25
43372800	3.05
43459200	1.15
43545600	0.18
43632000	0.79
43718400	2.61
43804800	1.26
43891200	7.6
43977600	0.99
44064000	4.93
44150400	2.87
44236800	8.97
44323200	0.72
44409600	3.2
44496000	38.11
44582400	12.51
44668800	0.63
44755200	2.47
44841600	8.17
44928000	0.26
45014400	0.5
45100800	0.95
45187200	4.83
45273600	0.87
45360000	2.32
45446400	1
45532800	0.88
45619200	0.39
45705600	2.51
45792000	2.55
45878400	3.11
45964800	0.69
46051200	0.49
46137600	1.47
46224000	1.41
46310400	0.33
46396800	3.49
46483200	0.63
46569600	0.72
46656000	0.42
46742400	8.6
46828800	0.56
46915200	1.93
47001600	1.11
47088000	1.02
47174400	0.59
47260800	1.51
47347200	2.76
47433600	2.02
47520000	0.38
47606400	0.57
47692800	1.2
47779200	1.23
47865600	1.51
47952000	1.48
48038400	0.96
48124800	7.94
48211200	2.44
48297600	0.17
48384000	0.54
48470400	0.61
48556800	1.04
48643200	2.54
48729600	2.8
48816000	1.56
48902400	0.9
48988800	0.71
49075200	0.72
49161600	1.17
49248000	0.46
49334400	20.61
49420800	0.96
49507200	0.75
49593600	0.36
49680000	2.74
49766400	0.59
49852800	0.79
49939200	2.53
50025600	2.17
50112000	1.13
50198400	0.53
50284800	1.03
50371200	0.61
50457600	2.23
50544000	1.25
50630400	19.16
50716800	7.24
50803200	0.7
50889600	1.68
50976000	0.38
51062400	0.8
51148800	4.3
51235200	0.59
51321600	2.76
51408000	0.28
51494400	7.23
51580800	1.39
51667200	0.34
51753600	0.28
51840000	0.79
51926400	0.62
52012800	0.26
52099200	1.21
52185600	0.21
52272000	5.46
52358400	1.92
52444800	0.44
52531200	8.23
52617600	0.64
52704000	1.49
52790400	0.19
52876800	1.03
52963200	0.52
53049600	5.86
53136000	0.72
53222400	0.38
53308800	0.74
53395200	9.39
53481600	2.3
53568000	0.8
53654400	0.65
53740800	1.38
53827200	4.46
53913600	0.48
54000000	1.79
54086400	0.33
54172800	1.26
54259200	0.35
54345600	4.06
54432000	1.77
54518400	0.22
54604800	1.04
54691200	0.75
54777600	1.54
54864000	0.54
54950400	0.72
55036800	1.22
55123200	2.41
55209600	1
55296000	1.12
55382400	0.61
55468800	0.93
55555200	4.15
55641600	5.18
55728000	0.36
55814400	3.19
55900800	0.46
55987200	2.77
56073600	3.63
56160000	0.94
56246400	0.18
56332800	0.99
56419200	0.69
56505600	2.55
56592000	2.43
56678400	5.68
56764800	2.27
56851200	1.1
56937600	3.6
57024000	1.24
57110400	0.78
57196800	15.29
57283200	0.86
57369600	0.48
57456000	0.36
57542400	3.88
57628800	0.4
57715200	1.25
57801600	1.06
57888000	1.13
57974400	2.6
58060800	5.7
58147200	5.28
58233600	40
58320000	0.15
58406400	7.6
58492800	0.98
58579200	0.43
58665600	6.15
58752000	0.79
58838400	0.91
58924800	1.03
59011200	5.36
59097600	1.01
59184000	1.17
59270400	1.32
59356800	2.55
59443200	11.9
59529600	0.46
59616000	0.46
59702400	2.17
59788800	0.75
59875200	0.36
59961600	0.14
60048000	0.97
60134400	1
60220800	8.8
60307200	4.72
60393600	0.45
60480000	4.37
60566400	6.06
60652800	0.68
60739200	1.58
60825600	0.31
60912000	0.2
60998400	0.24
61084800	0.54
61171200	1.89
61257600	2.11
61344000	1.8
61430400	5.92
61516800	4.27
61603200	0.79
61689600	1.11
61776000	0.87
61862400	1.3
61948800	0.44
62035200	1.02
62121600	3.32
62208000	1.8
62294400	2
62380800	3.6
62467200	2.33
62553600	1.85
62640000	0.89
62726400	2.31
62812800	0.92
62899200	1.43
62985600	2.62
63072000	4.2
63158400	0.99
63244800	3.76
63331200	0.08
63417600	0.73
63504000	1.45
63590400	0.71
63676800	2.43
63763200	0.39
63849600	1.32
63936000	0.82
64022400	0.41
64108800	0.86
64195200	16.93
64281600	7.4
64368000	0.88
64454400	0.18
64540800	2.21
64627200	1.09
64713600	2.24
64800000	0.57
64886400	0.73
64972800	2.4
65059200	0.54
65145600	1.09
65232000	1.13
65318400	4.08
65404800	1.62
65491200	6.89
65577600	2.31
65664000	1.75
65750400	2.11
65836800	0.42
65923200	0.37
66009600	1.75
66096000	0.34
66182400	0.27
66268800	1.02
66355200	1.5
66441600	0.65
66528000	1.02
66614400	2.55
66700800	3.04
66787200	1.03
66873600	1.19
66960000	0.91
67046400	1.65
67132800	0.5
67219200	7.52
67305600	0.98
67392000	1.82
67478400	0.04
67564800	1.03
67651200	2.26
67737600	2.49
67824000	5.68
67910400	2.49
67996800	4.06
68083200	5.09
68169600	1.02
68256000	1.37
68342400	0.78
68428800	1.16
68515200	2.44
68601600	0.95
68688000	0.52
68774400	1.81
68860800	1.74
68947200	8.15
69033600	1.76
69120000	1.24
69206400	3.09
69292800	0.16
69379200	3.07
69465600	0.08
69552000	0.3
69638400	0.31
69724800	20.73
69811200	1.64
69897600	2.98
69984000	1.5
70070400	0.23
70156800	0.41
70243200	9.72
70329600	3.57
70416000	1.61
70502400	1.79
70588800	0.72
70675200	0.09
70761600	2.2
70848000	0.83
70934400	1.67
71020800	0.3
71107200	1.8
71193600	12.55
71280000	0.98
71366400	3.52
71452800	0.22
71539200	0.99
71625600	0.84
71712000	2.64
71798400	2.66
71884800	2.17
71971200	5.25
72057600	0.66
72144000	0.57
72230400	1.69
72316800	0.78
72403200	0.36
72489600	4.06
72576000	5.6
72662400	7.94
72748800	2.69
72835200	0.36
72921600	0.4
73008000	1.23
73094400	2.21
73180800	0.27
73267200	0.38
73353600	1.27
73440000	3.42
73526400	1.53
73612800	0.38
73699200	3.5
73785600	22.24
73872000	0.19
73958400	1.16
74044800	6.57
74131200	0.58
74217600	1.58
74304000	0.84
74390400	4.1
74476800	0.36
74563200	4.89
74649600	0.96
74736000	0.25
74822400	3.26
74908800	0.62
74995200	0.26
75081600	0.28
75168000	15.89
75254400	2.53
75340800	0.52
75427200	2.51
75513600	0.6
75600000	0.93
75686400	0.36
75772800	0.59
75859200	2.01
75945600	5.49
76032000	0.48
76118400	7.63
76204800	0.09
76291200	1.21
76377600	0.88
76464000	6.65
76550400	2.95
76636800	1.26
76723200	3.09
76809600	2.6
76896000	0.72
76982400	0.77
77068800	3.27
77155200	0.7
77241600	0.86
77328000	0.91
77414400	5.19
77500800	1.12
77587200	0.47
77673600	1.31
77760000	2.69
77846400	3.01
77932800	0.95
78019200	7.04
78105600	1.14
78192000	1.09
78278400	7.28
78364800	1.25
78451200	3.58
78537600	0.26
78624000	1.87
78710400	0.66
78796800	0.63
78883200	0.99
78969600	0.12
79056000	1.68
79142400	1.36
79228800	0.46
79315200	0.41
79401600	0.83
79488000	1.2
79574400	6.68
79660800	2.09
79747200	0.69
79833600	2.65
79920000	0.98
80006400	2.11
80092800	0.87
80179200	3.02
80265600	1.56
80352000	0.87
80438400	2.86
80524800	3.81
80611200	1.79
80697600	3.03
80784000	0.6
80870400	2.29
80956800	2.49
81043200	40
81129600	0.64
81216000	3.05
81302400	1.64
81388800	0.42
81475200	0.52
81561600	7.88
81648000	0.53
81734400	2.5
81820800	2.31
81907200	0.33
81993600	0.49
82080000	1.03
82166400	0.57
82252800	3.05
82339200	3.41
82425600	1.46
82512000	0.91
82598400	2.64
82684800	8.06
82771200	4.98
82857600	0.96
82944000	0.84
83030400	0.4
83116800	1.95
83203200	2.84
83289600	3.67
83376000	7.3
83462400	4.63
83548800	0.98
83635200	1.32
83721600	0.61
83808000	0.58
83894400	2.37
83980800	0.92
84067200	0.61
84153600	0.43
84240000	4.03
84326400	4.3
84412800	0.42
84499200	1.83
84585600	2.23
84672000	0.39
84758400	0.97
84844800	1.36
84931200	0.74
85017600	0.31
85104000	0.31
85190400	0.25
85276800	2.61
85363200	2.49
85449600	5.24
85536000	1.09
85622400	4.93
85708800	2.04
85795200	0.75
85881600	2.62
85968000	0.44
86054400	0.47
86140800	0.75
86227200	8.4
86313600	2.01
86400000	0.2
86486400	1.96
86572800	1.22
86659200	7.02
86745600	0.17
86832000	21.63
86918400	4.93
87004800	0.91
87091200	2.1
87177600	0.98
87264000	0.82
87350400	0.41
87436800	0.13
87523200	5.71
87609600	1.16
87696000	1.73
87782400	1.51
87868800	1.62
87955200	1.54
88041600	0.33
88128000	1.49
88214400	1.26
88300800	5.74
88387200	3.58
88473600	0.59
88560000	0.36
88646400	0.43
88732800	1.32
88819200	1.15
88905600	0.84
88992000	0.57
89078400	2.6
89164800	0.7
89251200	0.59
89337600	0.87
89424000	2.3
89510400	1.43
89596800	0.59
89683200	4.24
89769600	2.81
89856000	0.99
89942400	2.86
90028800	40
90115200	0.18
90201600	0.5
90288000	0.51
90374400	0.73
90460800	0.72
90547200	1.35
90633600	6.6
90720000	5.92
90806400	5.43
90892800	0.59
90979200	0.92
91065600	1.08
91152000	0.56
91238400	1.46
91324800	0.16
91411200	1.17
91497600	1.88
91584000	0.72
91670400	0.36
91756800	6.64
91843200	1.16
91929600	1.42
92016000	1.48
92102400	0.81
92188800	15.67
92275200	0.53
92361600	0.68
92448000	40
92534400	14.09
92620800	0.73
92707200	3.52
92793600	0.1
92880000	0.49
92966400	15.76
93052800	0.54
93139200	1.84
93225600	0.1
93312000	5.82
93398400	0.74
93484800	2.6
93571200	1.6
93657600	0.87
93744000	1.08
93830400	0.39
93916800	6.76
94003200	11.97
94089600	0.39
94176000	8.59
94262400	1.08
94348800	1.01
94435200	0.18
94521600	0.28
94608000	1.04
94694400	1.78
94780800	3.41
94867200	2.17
94953600	1.85
95040000	2.34
95126400	0.84
95212800	0.92
95299200	3.46
95385600	0.23
95472000	2.31
95558400	0.83
95644800	0.5
95731200	2.1
95817600	1.01
95904000	5.67
95990400	1.54
96076800	0.6
96163200	2.71
96249600	1.38
96336000	3.21
96422400	0.31
96508800	0.31
96595200	0.84
96681600	0.31
96768000	0.82
96854400	1.3
96940800	0.56
97027200	2.59
97113600	0.31
97200000	1.02
97286400	11.98
97372800	1.05
97459200	0.35
97545600	0.31
97632000	0.86
97718400	4.55
97804800	1.36
97891200	0.28
97977600	4.58
98064000	2.71
98150400	0.88
98236800	1.12
98323200	0.36
98409600	0.46
98496000	0.58
98582400	1.94
98668800	0.26
98755200	4.72
98841600	1.47
98928000	5.95
99014400	0.6
99100800	0.24
99187200	2.63
99273600	0.54
99360000	0.17
99446400	1
99532800	1.88
99619200	0.98
99705600	0.88
99792000	3.77
99878400	0.95
99964800	1.53
100051200	10.65
100137600	0.97
100224000	5.79
100310400	0.66
100396800	0.46
100483200	1.74
100569600	1.87
100656000	1.75
100742400	0.77
100828800	0.33
100915200	0.71
101001600	0.44
101088000	4.28
101174400	8.2
101260800	2.2
101347200	0.52
101433600	0.37
101520000	0.35
101606400	3.9
101692800	1.05
101779200	0.1
101865600	8.69
101952000	4.3
102038400	1.25
102124800	4.72
102211200	0.41
102297600	4.76
102384000	7.14
102470400	2.7
102556800	0.29
102643200	4.14
102729600	3.02
102816000	3.2
102902400	0.8
102988800	8.87
103075200	0.86
103161600	0.67
103248000	1.39
103334400	0.99
103420800	1.75
103507200	3.1
103593600	6.93
103680000	2.03
103766400	0.32
103852800	0.8
103939200	0.46
104025600	1.92
104112000	0.98
104198400	0.83
104284800	0.76
104371200	2
104457600	0.54
104544000	6.44
104630400	2.21
104716800	0.1
104803200	22.53
104889600	0.83
104976000	2.95
105062400	0.91
105148800	0.84
105235200	0.25
105321600	0.27
105408000	0.93
105494400	5.17
105580800	0.22
105667200	0.5
105753600	0.38
105840000	0.42
105926400	0.24
106012800	0.89
106099200	2.27
106185600	0.41
106272000	0.47
106358400	0.56
106444800	1.05
106531200	0.16
106617600	0.29
106704000	2.54
106790400	1.28
106876800	3.36
106963200	0.55
107049600	3.02
107136000	8.31
107222400	0.43
107308800	6
107395200	1.25
107481600	0.31
107568000	1.32
107654400	0.19
107740800	1.05
107827200	5.37
107913600	5.14
108000000	1.47
108086400	0.27
108172800	1.69
108259200	1.17
108345600	5.93
108432000	3.56
108518400	4.48
108604800	0.22
108691200	0.51
108777600	4.48
108864000	0.68
108950400	0.51
109036800	0.31
109123200	10.91
109209600	2.47
109296000	0.61
109382400	1.15
109468800	1.01
109555200	1.42
109641600	0.94
109728000	1.21
109814400	6.22
109900800	0.67
109987200	0.73
110073600	0.53
110160000	2.62
110246400	7.51
110332800	1.81
110419200	2.94
110505600	1.44
110592000	0.67
110678400	1.62
110764800	1.25
110851200	0.9
110937600	3.78
111024000	1.14
111110400	0.92
111196800	3.21
111283200	0.41
111369600	2.92
111456000	1.34
111542400	0.33
111628800	0.81
111715200	2.42
111801600	0.89
111888000	0.85
111974400	0.64
112060800	0.91
112147200	5.5
112233600	0.22
112320000	4.29
112406400	0.58
112492800	1.86
112579200	1.34
112665600	0.44
112752000	1.12
112838400	2.88
112924800	5.14
113011200	7.5
113097600	1.03
113184000	1.16
113270400	1.06
113356800	0.48
113443200	1.57
113529600	0.73
113616000	0.56
113702400	0.72
113788800	0.95
113875200	0.44
113961600	10.91
114048000	6.35
114134400	0.48
114220800	1.96
114307200	0.77
114393600	0.22
114480000	1.01
114566400	1.62
114652800	1.36
114739200	1.62
114825600	0.22
114912000	3.02
114998400	8.81
115084800	1.46
115171200	7.89
115257600	3.33
115344000	1.89
115430400	4.31
115516800	0.75
115603200	2.26
115689600	1.35
115776000	1.74
115862400	1.28
115948800	0.26
116035200	3.36
116121600	4.57
116208000	1.6
116294400	2.2
116380800	0.65
116467200	1.1
116553600	4.31
116640000	1.43
116726400	1.21
116812800	2.43
116899200	0.66
116985600	0.72
117072000	3.05
117158400	1.4
117244800	0.46
117331200	0.23
117417600	3.69
117504000	6.84
117590400	0.64
117676800	5.37
117763200	1.2
117849600	0.48
117936000	0.19
118022400	1.29
118108800	5.41
118195200	2.07
118281600	1.3
118368000	0.74
118454400	9.5
118540800	1.36
118627200	0.6
118713600	1.62
118800000	40
118886400	1.3
118972800	1.09
119059200	0.45
119145600	0.21
119232000	1.32
119318400	4.09
119404800	5.81
119491200	3.01
119577600	6.32
119664000	0.79
119750400	2.11
119836800	2.92
119923200	1.86
120009600	0.48
120096000	0.78
120182400	0.42
120268800	4.29
120355200	2.8
120441600	1.76
120528000	0.4
120614400	0.57
120700800	7.03
120787200	0.75
120873600	1.17
120960000	3.82
121046400	0.42
121132800	0.53
121219200	1.32
121305600	0.55
121392000	0.97
121478400	4.73
121564800	1.87
121651200	0.19
121737600	1.37
121824000	2.38
121910400	4.18
121996800	2.29
122083200	1.25
122169600	1.39
122256000	0.07
122342400	0.5
122428800	2.05
122515200	2.81
122601600	0.67
122688000	0.67
122774400	1.2
122860800	1.38
122947200	1.35
123033600	0.91
123120000	0.42
123206400	1.06
123292800	1.37
123379200	2.14
123465600	0.75
123552000	1.05
123638400	0.48
123724800	1.83
123811200	3.87
123897600	1.34
123984000	1.54
124070400	0.2
124156800	0.17
124243200	0.66
124329600	2.56
124416000	0.96
124502400	4.71
124588800	0.7
124675200	2.39
124761600	1.39
124848000	2.74
124934400	2.39
125020800	5.16
125107200	2.46
125193600	2.61
125280000	0.19
125366400	0.61
125452800	10.42
125539200	2.22
125625600	1.92
125712000	0.3
125798400	1.64
125884800	0.43
125971200	0.68
126057600	1.93
126144000	0.51
126230400	3.66
126316800	0.13
126403200	1.09
126489600	0.33
126576000	2.2
126662400	0.58
126748800	0.59
126835200	0.41
126921600	9.32
127008000	1.46
127094400	0.36
127180800	1.45
127267200	1.89
127353600	23.1
127440000	0.72
127526400	1.4
127612800	2.11
127699200	1.51
127785600	0.79
127872000	1.08
127958400	1.87
128044800	1.05
128131200	0.91
128217600	12.84
128304000	1.25
128390400	0.95
128476800	1.4
128563200	2.43
128649600	2.02
128736000	1.02
128822400	0.35
128908800	10.71
128995200	0.94
129081600	33.79
129168000	3.31
129254400	0.51
129340800	0.69
129427200	1.14
129513600	2.52
129600000	0.58
129686400	1.07
129772800	0.4
129859200	0.18
129945600	2.58
130032000	0.41
130118400	0.25
130204800	0.35
130291200	0.38
130377600	34.17
130464000	2.94
130550400	0.41
130636800	1.74
130723200	1.15
130809600	0.59
130896000	0.18
130982400	1.06
131068800	4.84
131155200	1.26
131241600	1.25
131328000	0.79
131414400	6.35
131500800	0.95
131587200	0.2
131673600	0.5
131760000	10.3
131846400	0.88
131932800	6.22
132019200	1.94
132105600	4.68
132192000	1.39
132278400	3.7
132364800	1.79
132451200	2.39
132537600	1.47
132624000	6.33
132710400	0.83
132796800	3.33
132883200	2.63
132969600	9.98
133056000	7.03
133142400	2.31
133228800	0.93
133315200	0.37
133401600	0.75
133488000	1.95
133574400	0.26
133660800	2.84
133747200	2.01
133833600	0.29
133920000	5.38
134006400	2.11
134092800	0.93
134179200	0.37
134265600	12.64
134352000	8.58
134438400	3.34
134524800	1.65
134611200	0.5
134697600	3.41
134784000	1.95
134870400	8.85
134956800	0.05
135043200	0.62
135129600	7.22
135216000	0.8
135302400	0.83
135388800	0.91
135475200	0.33
135561600	1.13
135648000	0.47
135734400	1.51
135820800	0.51
135907200	4.78
135993600	1.91
136080000	0.89
136166400	0.63
136252800	2.45
136339200	3.41
136425600	0.46
136512000	1.67
136598400	0.91
136684800	0.44
136771200	1.41
136857600	0.28
136944000	3.71
137030400	1.23
137116800	1.6
137203200	1.14
137289600	0.6
137376000	0.33
137462400	6.07
137548800	0.77
137635200	1.23
137721600	0.5
137808000	0.5
137894400	0.7
137980800	0.43
138067200	0.36
138153600	0.67
138240000	1.71
138326400	0.85
138412800	0.7
138499200	0.3
138585600	2.86
138672000	0.96
138758400	3.07
138844800	2.82
138931200	0.55
139017600	1.07
139104000	0.75
139190400	1.59
139276800	2.77
139363200	1.63
139449600	0.85
139536000	1.06
139622400	3.34
139708800	1.64
139795200	1.46
139881600	0.22
139968000	7.8
140054400	1.35
140140800	0.33
140227200	1.6
140313600	5.1
140400000	0.46
140486400	1.34
140572800	10.35
140659200	1.39
140745600	0.81
140832000	0.71
140918400	1
141004800	2.15
141091200	1.87
141177600	2.4
141264000	3.44
141350400	2.58
141436800	2.04
141523200	0.84
141609600	4.12
141696000	1.25
141782400	0.93
141868800	3.08
141955200	2.94
142041600	0.25
142128000	0.55
142214400	0.54
142300800	40
142387200	1.48
142473600	11.42
142560000	0.83
142646400	1.31
142732800	0.88
142819200	0.39
142905600	1.86
142992000	0.32
143078400	1.83
143164800	3.18
143251200	0.71
143337600	1.95
143424000	0.45
143510400	0.63
143596800	0.54
143683200	0.69
143769600	0.8
143856000	2.71
143942400	0.2
144028800	1.09
144115200	0.63
144201600	0.38
144288000	2.56
144374400	1.49
144460800	1.51
144547200	0.92
144633600	6.42
144720000	0.76
144806400	0.51
144892800	1.02
144979200	0.8
145065600	0.59
145152000	0.57
145238400	0.24
145324800	4.65
145411200	0.53
145497600	40
145584000	2.17
145670400	3.54
145756800	1.25
145843200	0.97
145929600	2
146016000	7.89
146102400	0.59
146188800	0.43
146275200	3.61
146361600	1.58
146448000	3.26
146534400	0.28
146620800	1.18
146707200	7.45
146793600	5.71
146880000	0.92
146966400	0.55
147052800	2.65
147139200	1.26
147225600	1.03
147312000	3.03
147398400	1.87
147484800	0.83
147571200	8.03
147657600	2.5
147744000	1.38
147830400	1.62
147916800	0.64
148003200	0.43
148089600	1.54
148176000	0.14
148262400	0.91
148348800	1.8
148435200	0.7
148521600	1.49
148608000	1.39
148694400	0.28
148780800	5.62
148867200	3.53
148953600	8.24
149040000	1.87
149126400	1.16
149212800	0.63
149299200	0.84
149385600	2.02
149472000	1.29
149558400	0.9
149644800	0.99
149731200	2.3
149817600	0.73
149904000	3.64
149990400	0.72
150076800	0.66
150163200	2.11
150249600	2.03
150336000	3.19
150422400	0.9
150508800	0.57
150595200	0.64
150681600	3.3
150768000	1.43
150854400	1.8
150940800	1.56
151027200	7.43
151113600	1.45
151200000	0.5
151286400	0.75
151372800	0.26
151459200	1.97
151545600	0.41
151632000	0.46
151718400	1.19
151804800	0.42
151891200	1.09
151977600	1.08
152064000	1.54
152150400	0.25
152236800	0.71
152323200	0.74
152409600	2.76
152496000	24.49
152582400	0.52
152668800	0.76
152755200	1.05
152841600	1.67
152928000	7.43
153014400	2.48
153100800	0.53
153187200	0.54
153273600	0.36
153360000	3.64
153446400	10.21
153532800	2.34
153619200	1.48
153705600	2.04
153792000	0.95
153878400	1.28
153964800	0.46
154051200	0.6
154137600	2.17
154224000	0.57
154310400	0.51
154396800	1.59
154483200	3.11
154569600	9.83
154656000	2.84
154742400	0.88
154828800	0.8
154915200	9.56
155001600	11.73
155088000	1.7
155174400	0.39
155260800	0.54
155347200	2.48
155433600	13.46
155520000	0.55
155606400	22.21
155692800	2.05
155779200	10.34
155865600	2.16
155952000	0.49
156038400	0.97
156124800	1.23
156211200	2.04
156297600	0.4
156384000	5.5
156470400	1.43
156556800	0.28
156643200	0.33
156729600	0.57
156816000	8.11
156902400	0.95
156988800	0.43
157075200	1.82
157161600	10.87
157248000	4.48
157334400	3.28
157420800	1.08
157507200	2.43
157593600	1.03
