      0.00       5.05
  86400.00      13.36
 172800.00       0.22
 259200.00       0.02
 345600.00       2.11
 432000.00       0.82
 518400.00       0.07
 604800.00       0.05
 691200.00       0.00
 777600.00       0.00
 864000.00       0.01
 950400.00       0.10
1036800.00       0.14
1123200.00       0.60
1209600.00       0.41
1296000.00       1.31
1382400.00       0.48
1468800.00       1.18
1555200.00       0.39
1641600.00       0.10
1728000.00       3.52
1814400.00       3.02
1900800.00       0.02
1987200.00      13.57
2073600.00       0.79
2160000.00       0.07
2246400.00       0.03
2332800.00       0.08
2419200.00       0.18
2505600.00       0.13
2592000.00       0.03
2678400.00       0.08
2764800.00       0.98
2851200.00      10.36
2937600.00      10.18
3024000.00       0.47
3110400.00       1.38
3196800.00       0.84
3283200.00       0.08
3369600.00       0.01
3456000.00       0.62
3542400.00       0.15
3628800.00       0.83
3715200.00      11.46
3801600.00       1.48
3888000.00       0.06
3974400.00       0.07
4060800.00       2.99
4147200.00       3.98
4233600.00       3.23
4320000.00       4.60
4406400.00       1.61
4492800.00       4.27
4579200.00       0.02
4665600.00       0.09
4752000.00       1.93
4838400.00       0.92
4924800.00       0.15
5011200.00       0.07
5097600.00       0.00
5184000.00       0.00
5270400.00       0.00
5356800.00       1.31
5443200.00       0.07
5529600.00       0.00
5616000.00       0.01
5702400.00       7.45
5788800.00       1.71
5875200.00       4.22
5961600.00       3.58
6048000.00       0.06
6134400.00       0.01
6220800.00       0.00
6307200.00       0.00
6393600.00       0.04
6480000.00       3.36
6566400.00       0.74
6652800.00       2.07
6739200.00       1.83
6825600.00       1.47
6912000.00       0.17
6998400.00       0.03
7084800.00       0.05
7171200.00       0.04
7257600.00       0.01
7344000.00       2.71
7430400.00       2.17
7516800.00       1.60
7603200.00       0.75
7689600.00       8.48
7776000.00       0.28
7862400.00       0.74
7948800.00       0.11
8035200.00       0.55
8121600.00       2.82
8208000.00       0.01
8294400.00       0.22
8380800.00       0.02
8467200.00       0.00
8553600.00       0.24
8640000.00       0.04
8726400.00       1.36
8812800.00       1.11
8899200.00       0.14
8985600.00       0.10
9072000.00       0.03
9158400.00       0.06
9244800.00       0.33
9331200.00       0.03
9417600.00       0.04
9504000.00       0.08
9590400.00       1.05
9676800.00       0.05
9763200.00       0.09
9849600.00       0.00
9936000.00       0.04
10022400.00       0.16
10108800.00       0.01
10195200.00       0.00
10281600.00       2.71
10368000.00       2.87
10454400.00       0.53
10540800.00       0.03
10627200.00       0.01
10713600.00       0.00
10800000.00       0.00
10886400.00       0.01
10972800.00       6.83
11059200.00       2.08
11145600.00       0.90
11232000.00       0.39
11318400.00       0.11
11404800.00       0.05
11491200.00       3.79
11577600.00       0.51
11664000.00       0.14
11750400.00       0.18
11836800.00      11.50
11923200.00       0.89
12009600.00       0.13
12096000.00       0.08
12182400.00       0.08
12268800.00       0.02
12355200.00       5.57
12441600.00       0.02
12528000.00       0.03
12614400.00       0.00
12700800.00       5.30
12787200.00       0.00
12873600.00       9.17
12960000.00       0.03
13046400.00       0.09
13132800.00       0.02
13219200.00       0.02
13305600.00       0.03
13392000.00       0.04
13478400.00       0.04
13564800.00       0.47
13651200.00       0.00
13737600.00       0.19
13824000.00       0.24
13910400.00       0.15
13996800.00       0.66
14083200.00       0.08
14169600.00       0.01
14256000.00       0.00
14342400.00       0.12
14428800.00       0.08
14515200.00       0.76
14601600.00       0.04
14688000.00       0.03
14774400.00       0.19
14860800.00       0.01
14947200.00       0.00
15033600.00       0.34
15120000.00       0.00
15206400.00       0.00
15292800.00       0.00
15379200.00       0.00
15465600.00       0.04
15552000.00       0.02
15638400.00       0.00
15724800.00       0.00
15811200.00       0.04
15897600.00       0.00
15984000.00       0.11
