      0.00       2.47
  86400.00       0.20
 172800.00       1.58
 259200.00       0.59
 345600.00       1.09
 432000.00       0.79
 518400.00       0.00
 604800.00       0.30
 691200.00       0.10
 777600.00       2.07
 864000.00       0.20
 950400.00       0.00
1036800.00       0.00
1123200.00       0.00
1209600.00       0.00
1296000.00       1.38
1382400.00       0.39
1468800.00       0.00
1555200.00       0.00
1641600.00       0.00
1728000.00       0.30
1814400.00       0.69
1900800.00       2.37
1987200.00       0.20
2073600.00       0.00
2160000.00       0.00
2246400.00       0.00
2332800.00       0.00
2419200.00       0.10
2505600.00       0.00
2592000.00       0.00
2678400.00       0.40
2764800.00       0.40
2851200.00       1.00
2937600.00       4.71
3024000.00       2.00
3110400.00       7.31
3196800.00      11.61
3283200.00       7.11
3369600.00       5.91
3456000.00       2.80
3542400.00       1.00
3628800.00       0.00
3715200.00       4.20
3801600.00       1.30
3888000.00      11.91
3974400.00       3.00
4060800.00       1.20
4147200.00       7.71
4233600.00       1.20
4320000.00       2.10
4406400.00       0.50
4492800.00       0.80
4579200.00       0.00
4665600.00       0.70
4752000.00       5.01
4838400.00       0.00
4924800.00       0.00
5011200.00       0.00
5097600.00       0.00
5184000.00       2.00
5270400.00       0.50
5356800.00       0.00
5443200.00       0.00
5529600.00       0.00
5616000.00       0.00
5702400.00       0.00
5788800.00       0.00
5875200.00       0.00
5961600.00       0.00
6048000.00       0.00
6134400.00       0.00
6220800.00       0.00
6307200.00       1.99
6393600.00       3.09
6480000.00       0.20
6566400.00       0.00
6652800.00       0.20
6739200.00       1.49
6825600.00      11.45
6912000.00       7.47
6998400.00       0.00
7084800.00       0.00
7171200.00       0.10
7257600.00       2.39
7344000.00       1.79
7430400.00       0.10
7516800.00       1.69
7603200.00       3.58
7689600.00       7.97
7776000.00       2.39
7862400.00       0.30
7948800.00       2.30
8035200.00       1.20
8121600.00       2.30
8208000.00       4.61
8294400.00       3.10
8380800.00      12.92
8467200.00       1.70
8553600.00       0.10
8640000.00      10.41
8726400.00       0.50
8812800.00       1.80
8899200.00       6.91
8985600.00       1.10
9072000.00       2.80
9158400.00       7.11
9244800.00       4.31
9331200.00       5.31
9417600.00       1.30
9504000.00       1.70
9590400.00       1.60
9676800.00       0.00
9763200.00       0.00
9849600.00       0.00
9936000.00       0.00
10022400.00      10.01
10108800.00       0.00
10195200.00       0.00
10281600.00       0.00
10368000.00       0.00
10454400.00       0.00
10540800.00      14.29
10627200.00       0.00
10713600.00       0.00
10800000.00       0.00
10886400.00       0.00
10972800.00       0.00
11059200.00       0.00
11145600.00       0.00
11232000.00       0.00
11318400.00       0.00
11404800.00       3.32
11491200.00       0.50
11577600.00       0.00
11664000.00       0.00
11750400.00       0.00
11836800.00       0.00
11923200.00       0.70
12009600.00       5.43
12096000.00       2.62
12182400.00       4.23
12268800.00       0.10
12355200.00       0.00
12441600.00       0.00
12528000.00       0.00
12614400.00       0.00
12700800.00       0.00
12787200.00       0.00
12873600.00       0.00
12960000.00       0.00
13046400.00       0.00
13132800.00       0.00
13219200.00       0.00
13305600.00       0.00
13392000.00       0.10
13478400.00       0.00
13564800.00       0.00
13651200.00       0.00
13737600.00       0.00
13824000.00       0.20
13910400.00       0.00
13996800.00       0.00
14083200.00       0.00
14169600.00       4.20
14256000.00       0.00
14342400.00       0.00
14428800.00       0.00
14515200.00       0.00
14601600.00       0.30
14688000.00       0.10
14774400.00       0.00
14860800.00       0.00
14947200.00       0.00
15033600.00       5.20
15120000.00      11.80
15206400.00      16.20
15292800.00       0.00
15379200.00       4.80
15465600.00       0.70
15552000.00       2.00
15638400.00       2.80
15724800.00      23.80
15811200.00       2.80
