      0.00       0.16
  86400.00       0.01
 172800.00       1.22
 259200.00       0.58
 345600.00       0.79
 432000.00       0.10
 518400.00       0.10
 604800.00       0.23
 691200.00       0.40
 777600.00       1.91
 864000.00       0.03
 950400.00       0.06
1036800.00       5.50
1123200.00      15.29
1209600.00       4.31
1296000.00       0.74
1382400.00       0.05
1468800.00       0.00
1555200.00       0.00
1641600.00       0.00
1728000.00       0.00
1814400.00       0.01
1900800.00       0.00
1987200.00       0.36
2073600.00       0.30
2160000.00       1.62
2246400.00       0.34
2332800.00       4.38
2419200.00       0.04
2505600.00       2.26
2592000.00       0.10
2678400.00       0.38
2764800.00       0.12
2851200.00       0.15
2937600.00       0.12
3024000.00       0.97
3110400.00       2.46
3196800.00       3.33
3283200.00       0.01
3369600.00       0.38
3456000.00       0.01
3542400.00       0.10
3628800.00       0.02
3715200.00       3.71
3801600.00      10.25
3888000.00       1.75
3974400.00       1.07
4060800.00       0.93
4147200.00       1.21
4233600.00      15.06
4320000.00       4.92
4406400.00       0.27
4492800.00       0.08
4579200.00       0.16
4665600.00       4.03
4752000.00       6.06
4838400.00       5.08
4924800.00       2.29
5011200.00       1.89
5097600.00       2.24
5184000.00       2.60
5270400.00       1.24
5356800.00       4.54
5443200.00       2.46
5529600.00       1.66
5616000.00       2.77
5702400.00       6.59
5788800.00       1.15
5875200.00       2.21
5961600.00       1.04
6048000.00       5.93
6134400.00       1.60
6220800.00      20.44
6307200.00       8.98
6393600.00       0.95
6480000.00       0.57
6566400.00       0.05
6652800.00       1.84
6739200.00       0.14
6825600.00       0.15
6912000.00       0.05
6998400.00       0.08
7084800.00       0.38
7171200.00       0.70
7257600.00       1.85
7344000.00       5.38
7430400.00       0.11
7516800.00       0.22
7603200.00       0.07
7689600.00       0.01
7776000.00       0.01
7862400.00       2.89
7948800.00      13.07
8035200.00      24.48
8121600.00       6.62
8208000.00       2.06
8294400.00       3.75
8380800.00       1.51
8467200.00       0.62
8553600.00       0.79
8640000.00       0.05
8726400.00       0.05
8812800.00       2.27
8899200.00       0.47
8985600.00       8.47
9072000.00       3.06
9158400.00       0.60
9244800.00      10.56
9331200.00       2.04
9417600.00       0.39
9504000.00       0.04
9590400.00       0.20
9676800.00       0.06
9763200.00       1.23
9849600.00       0.14
9936000.00       0.11
10022400.00       2.84
10108800.00       1.65
10195200.00       0.16
10281600.00       0.76
10368000.00       0.61
10454400.00       1.99
10540800.00       0.81
10627200.00       8.09
10713600.00       0.14
10800000.00       2.60
10886400.00       0.28
10972800.00       0.66
11059200.00       2.17
11145600.00       0.10
11232000.00       5.51
11318400.00       1.40
11404800.00       3.02
11491200.00      19.03
11577600.00      12.74
11664000.00       0.62
11750400.00       4.53
11836800.00      11.42
11923200.00       0.41
12009600.00       0.22
12096000.00       0.07
12182400.00       0.02
12268800.00       2.58
12355200.00       0.02
12441600.00       0.21
12528000.00       0.04
12614400.00       0.05
12700800.00       3.19
12787200.00      11.62
12873600.00       7.05
12960000.00       1.52
13046400.00       4.62
13132800.00       5.69
13219200.00       6.20
13305600.00       5.30
13392000.00       4.10
13478400.00       0.02
13564800.00       0.18
13651200.00       0.02
13737600.00       1.31
13824000.00       4.62
13910400.00       1.00
13996800.00       0.22
14083200.00       0.11
14169600.00       0.09
14256000.00       0.01
14342400.00       0.03
14428800.00       0.77
14515200.00       0.23
14601600.00       0.06
14688000.00       0.05
14774400.00       0.00
14860800.00       0.05
14947200.00       0.01
15033600.00       0.37
15120000.00       0.05
15206400.00       0.06
15292800.00       0.18
15379200.00       0.02
15465600.00       0.07
15552000.00       4.48
15638400.00       0.13
15724800.00       0.01
15811200.00       0.00
15897600.00       0.02
15984000.00       0.04
