      0.00       1.07
  86400.00       5.88
 172800.00       3.67
 259200.00       0.58
 345600.00       0.07
 432000.00       1.56
 518400.00       3.75
 604800.00       0.34
 691200.00       0.05
 777600.00       0.13
 864000.00       0.03
 950400.00       4.01
1036800.00       0.09
1123200.00       0.03
1209600.00       0.00
1296000.00       0.07
1382400.00       0.08
1468800.00       0.00
1555200.00       0.00
1641600.00       1.99
1728000.00       2.18
1814400.00       0.14
1900800.00       0.02
1987200.00       0.00
2073600.00       2.03
2160000.00       1.34
2246400.00       0.03
2332800.00       0.21
2419200.00       2.61
2505600.00       1.45
2592000.00       0.00
2678400.00       0.08
2764800.00       0.48
2851200.00       0.18
2937600.00       0.37
3024000.00       0.17
3110400.00       0.67
3196800.00       0.00
3283200.00       0.00
3369600.00       0.08
3456000.00       0.02
3542400.00       6.80
3628800.00       6.65
3715200.00       2.44
3801600.00       0.16
3888000.00       0.85
3974400.00       0.98
4060800.00       0.94
4147200.00       3.62
4233600.00       3.03
4320000.00      12.41
4406400.00       3.08
4492800.00       4.53
4579200.00       6.30
4665600.00       0.30
4752000.00       3.53
4838400.00       0.25
4924800.00       0.00
5011200.00       0.00
5097600.00       0.00
5184000.00       0.06
5270400.00       0.02
5356800.00       0.00
5443200.00       0.00
5529600.00       0.00
5616000.00       0.82
5702400.00       0.61
5788800.00       4.36
5875200.00       1.34
5961600.00       0.42
6048000.00       1.55
6134400.00       0.04
6220800.00       1.59
6307200.00       1.88
6393600.00       4.35
6480000.00       0.00
6566400.00       0.54
6652800.00       5.26
6739200.00       0.52
6825600.00       5.51
6912000.00       0.85
6998400.00       0.10
7084800.00       0.00
7171200.00       0.00
7257600.00       0.24
7344000.00       0.00
7430400.00       0.02
7516800.00       0.60
7603200.00       0.00
7689600.00       5.31
7776000.00       5.25
7862400.00       0.00
7948800.00      24.70
8035200.00       1.45
8121600.00       2.07
8208000.00       1.34
8294400.00      10.48
8380800.00       2.04
8467200.00       1.85
8553600.00       0.35
8640000.00       0.00
8726400.00       0.01
8812800.00       1.12
8899200.00       1.82
8985600.00       0.09
9072000.00       0.13
9158400.00       0.00
9244800.00       0.00
9331200.00       0.00
9417600.00       0.00
9504000.00       1.52
9590400.00       0.34
9676800.00       0.09
9763200.00       0.06
9849600.00       0.00
9936000.00       0.00
10022400.00       0.00
10108800.00       0.55
10195200.00       1.85
10281600.00      14.98
10368000.00       8.16
10454400.00       1.15
10540800.00       0.19
10627200.00       2.83
10713600.00       0.00
10800000.00       0.20
10886400.00      15.92
10972800.00       1.50
11059200.00       0.03
11145600.00       0.00
11232000.00       0.00
11318400.00       0.00
11404800.00       0.00
11491200.00       0.00
11577600.00       0.68
11664000.00       0.06
11750400.00       0.00
11836800.00       0.00
11923200.00       0.02
12009600.00       1.97
12096000.00       2.56
12182400.00       0.17
12268800.00       0.00
12355200.00       0.02
12441600.00       0.00
12528000.00       0.00
12614400.00       0.05
12700800.00       0.02
12787200.00       0.00
12873600.00       0.00
12960000.00       0.00
13046400.00       0.02
13132800.00       3.21
13219200.00       0.03
13305600.00       7.26
13392000.00       0.74
13478400.00      13.35
13564800.00       0.00
13651200.00      13.57
13737600.00       3.86
13824000.00       9.91
13910400.00      18.75
13996800.00       0.75
14083200.00       0.24
14169600.00       0.34
14256000.00       3.56
14342400.00       2.96
14428800.00       1.75
14515200.00       6.06
14601600.00      14.09
14688000.00       6.83
14774400.00       0.02
14860800.00       0.03
14947200.00       0.00
15033600.00       0.06
15120000.00       0.70
15206400.00       0.98
15292800.00       2.77
15379200.00       0.25
15465600.00       0.00
15552000.00       0.00
15638400.00       0.00
15724800.00       0.00
15811200.00       0.05
