      0.00       0.05
  86400.00       1.80
 172800.00       0.68
 259200.00       0.48
 345600.00       7.47
 432000.00       3.69
 518400.00       0.09
 604800.00       0.23
 691200.00       0.72
 777600.00       0.17
 864000.00       0.01
 950400.00       0.00
1036800.00       0.00
1123200.00       0.16
1209600.00       0.25
1296000.00       0.49
1382400.00       0.09
1468800.00       0.04
1555200.00       0.01
1641600.00       0.06
1728000.00       3.53
1814400.00       0.00
1900800.00       0.00
1987200.00       0.00
2073600.00       0.00
2160000.00       0.02
2246400.00       0.33
2332800.00       1.18
2419200.00       0.84
2505600.00       0.02
2592000.00       0.00
2678400.00       0.00
2764800.00       0.00
2851200.00       1.18
2937600.00       0.21
3024000.00       2.72
3110400.00       0.12
3196800.00       0.14
3283200.00       0.53
3369600.00       0.14
3456000.00       0.10
3542400.00       0.02
3628800.00       0.04
3715200.00       0.01
3801600.00       0.09
3888000.00       0.02
3974400.00       0.00
4060800.00       0.02
4147200.00       0.02
4233600.00       0.00
4320000.00       0.01
4406400.00       0.01
4492800.00       1.31
4579200.00       1.65
4665600.00       0.18
4752000.00       0.47
4838400.00       0.07
4924800.00       0.04
5011200.00       0.08
5097600.00       0.04
5184000.00       0.02
5270400.00       0.01
5356800.00       0.03
5443200.00       0.08
5529600.00       0.06
5616000.00       0.01
5702400.00       0.88
5788800.00       0.08
5875200.00       0.20
5961600.00       0.07
6048000.00       0.01
6134400.00       1.18
6220800.00       0.46
6307200.00       0.32
6393600.00       0.00
6480000.00       0.00
6566400.00       0.01
6652800.00       0.03
6739200.00       0.58
6825600.00       0.87
6912000.00       0.06
6998400.00       0.06
7084800.00       0.04
7171200.00       0.06
7257600.00       0.00
7344000.00       0.30
7430400.00       0.02
7516800.00       0.07
7603200.00       0.06
7689600.00       0.04
7776000.00       0.03
7862400.00       0.06
7948800.00       0.74
8035200.00       0.07
8121600.00       0.58
8208000.00       0.49
8294400.00       0.03
8380800.00       0.90
8467200.00       2.34
8553600.00       1.60
8640000.00       0.54
8726400.00       0.05
8812800.00       0.21
8899200.00       0.01
8985600.00       0.25
9072000.00       2.22
9158400.00      10.76
9244800.00       1.92
9331200.00       1.15
9417600.00       0.06
9504000.00       0.04
9590400.00       0.08
9676800.00       3.33
9763200.00       2.68
9849600.00      20.27
9936000.00       6.59
10022400.00       1.86
10108800.00       0.72
10195200.00       3.28
10281600.00       2.10
10368000.00       0.27
10454400.00       0.76
10540800.00       0.02
10627200.00       0.00
10713600.00       0.01
10800000.00       0.04
10886400.00       0.06
10972800.00       1.16
11059200.00       5.44
11145600.00       0.13
11232000.00       0.01
11318400.00       0.06
11404800.00       0.07
11491200.00       1.44
11577600.00       2.51
11664000.00       4.50
11750400.00       7.85
11836800.00       0.13
11923200.00      25.12
12009600.00      14.01
12096000.00       2.15
12182400.00       8.99
12268800.00       0.35
12355200.00       1.98
12441600.00       4.60
12528000.00       0.06
12614400.00       0.49
12700800.00       4.62
12787200.00       0.03
12873600.00       0.01
12960000.00       0.03
13046400.00       2.85
13132800.00       1.81
13219200.00       0.13
13305600.00       1.16
13392000.00       1.67
13478400.00       5.25
13564800.00       4.88
13651200.00       5.82
13737600.00       4.46
13824000.00       0.44
13910400.00       0.35
13996800.00      13.41
14083200.00       0.74
14169600.00       2.76
14256000.00       0.14
14342400.00       0.09
14428800.00       1.75
14515200.00       3.63
14601600.00       3.17
14688000.00       3.42
14774400.00       6.39
14860800.00       2.38
14947200.00      19.61
15033600.00      11.72
15120000.00       1.33
15206400.00       6.29
15292800.00      11.45
15379200.00      11.06
15465600.00       1.11
15552000.00       0.04
15638400.00       0.01
15724800.00       0.00
15811200.00       0.03
15897600.00       0.06
15984000.00       0.07
