      0.00       0.43
  86400.00      27.43
 172800.00       1.17
 259200.00       6.12
 345600.00       1.54
 432000.00      12.89
 518400.00       4.75
 604800.00       0.05
 691200.00       3.40
 777600.00      10.90
 864000.00       0.56
 950400.00       1.28
1036800.00       0.09
1123200.00       0.02
1209600.00       0.08
1296000.00       2.52
1382400.00       0.11
1468800.00       5.82
1555200.00       0.65
1641600.00       5.18
1728000.00       0.43
1814400.00       0.19
1900800.00       6.72
1987200.00       8.68
2073600.00       0.08
2160000.00       0.09
2246400.00       0.12
2332800.00       0.69
2419200.00       6.98
2505600.00       0.05
2592000.00       0.05
2678400.00       6.11
2764800.00      18.79
2851200.00       6.12
2937600.00       0.55
3024000.00       0.15
3110400.00       0.34
3196800.00       0.29
3283200.00       1.57
3369600.00       0.52
3456000.00       1.57
3542400.00       0.20
3628800.00       0.01
3715200.00       0.53
3801600.00       0.83
3888000.00       2.75
3974400.00       0.09
4060800.00       0.06
4147200.00       0.08
4233600.00       0.08
4320000.00       1.36
4406400.00       4.66
4492800.00       7.56
4579200.00       7.41
4665600.00       1.83
4752000.00       1.67
4838400.00       6.98
4924800.00       5.32
5011200.00       0.11
5097600.00       0.01
5184000.00       3.89
5270400.00       7.35
5356800.00       5.02
5443200.00       0.66
5529600.00       1.62
5616000.00       4.37
5702400.00       3.40
5788800.00      12.91
5875200.00       1.82
5961600.00       4.09
6048000.00       2.50
6134400.00       0.33
6220800.00       1.72
6307200.00       0.69
6393600.00       0.02
6480000.00       0.01
6566400.00       0.60
6652800.00       0.16
6739200.00       0.19
6825600.00       2.69
6912000.00       0.09
6998400.00      23.56
7084800.00      20.38
7171200.00       0.58
7257600.00       0.24
7344000.00       0.01
7430400.00       0.01
7516800.00       0.02
7603200.00       0.35
7689600.00       0.71
7776000.00       2.38
7862400.00       9.90
7948800.00      12.82
8035200.00       3.13
8121600.00       0.73
8208000.00       0.44
8294400.00       0.05
8380800.00       4.95
8467200.00       2.90
8553600.00       3.46
8640000.00       6.66
8726400.00       2.39
8812800.00       1.40
8899200.00       0.04
8985600.00       0.29
9072000.00       3.41
9158400.00       9.33
9244800.00       4.98
9331200.00       1.59
9417600.00       0.04
9504000.00       0.86
9590400.00       0.08
9676800.00       0.16
9763200.00       0.23
9849600.00       0.38
9936000.00       0.79
10022400.00       4.92
10108800.00      19.97
10195200.00      10.99
10281600.00       1.05
10368000.00       0.80
10454400.00       0.66
10540800.00       3.43
10627200.00       2.28
10713600.00       1.22
10800000.00       1.95
10886400.00       0.05
10972800.00       3.17
11059200.00       0.15
11145600.00       0.23
11232000.00       0.02
11318400.00       0.00
11404800.00       0.00
11491200.00       0.03
11577600.00       0.25
11664000.00       0.13
11750400.00       0.01
11836800.00       0.01
11923200.00       2.50
12009600.00       0.99
12096000.00       0.05
12182400.00       0.25
12268800.00       3.17
12355200.00       0.07
12441600.00       0.21
12528000.00       3.26
12614400.00       8.62
12700800.00       2.85
12787200.00       0.61
12873600.00       1.40
12960000.00       0.63
13046400.00       0.86
13132800.00       2.20
13219200.00       3.43
13305600.00       0.48
13392000.00       0.04
13478400.00       1.93
13564800.00       0.82
13651200.00       0.09
13737600.00       0.01
13824000.00       0.13
13910400.00       0.54
13996800.00       0.01
14083200.00       0.83
14169600.00       0.77
14256000.00       0.11
14342400.00       0.01
14428800.00       0.00
14515200.00       0.02
14601600.00       0.12
14688000.00       0.00
14774400.00       0.04
14860800.00       0.15
14947200.00       0.33
15033600.00       0.02
15120000.00       0.00
15206400.00       0.04
15292800.00       0.04
15379200.00       0.01
15465600.00       0.00
15552000.00       0.19
15638400.00       0.03
15724800.00       0.03
15811200.00       0.20
15897600.00       0.04
15984000.00       4.81
