      0.00       3.51
  86400.00      12.33
 172800.00       6.62
 259200.00       0.30
 345600.00       6.82
 432000.00       1.91
 518400.00       0.90
 604800.00       0.60
 691200.00       0.00
 777600.00       0.00
 864000.00       0.00
 950400.00       0.00
1036800.00       0.00
1123200.00       0.00
1209600.00       2.81
1296000.00      19.45
1382400.00       8.42
1468800.00       2.51
1555200.00       5.41
1641600.00       1.00
1728000.00       0.00
1814400.00       0.00
1900800.00       0.00
1987200.00       0.00
2073600.00       0.00
2160000.00       0.00
2246400.00       0.00
2332800.00       0.00
2419200.00       0.00
2505600.00       1.30
2592000.00       0.20
2678400.00       0.00
2764800.00       0.00
2851200.00       0.00
2937600.00       0.00
3024000.00       0.00
3110400.00       0.00
3196800.00       0.00
3283200.00       0.00
3369600.00       0.00
3456000.00       0.00
3542400.00       0.00
3628800.00       0.30
3715200.00       0.00
3801600.00       0.00
3888000.00       0.00
3974400.00       0.00
4060800.00       0.00
4147200.00       0.00
4233600.00       0.10
4320000.00       1.91
4406400.00       0.00
4492800.00       0.00
4579200.00       4.43
4665600.00       4.64
4752000.00       8.77
4838400.00       1.71
4924800.00       0.00
5011200.00       0.71
5097600.00       3.12
5184000.00       0.10
5270400.00       0.50
5356800.00       7.43
5443200.00       2.81
5529600.00       4.82
5616000.00       2.31
5702400.00       8.83
5788800.00       2.61
5875200.00       1.00
5961600.00       1.81
6048000.00       0.30
6134400.00       1.00
6220800.00       0.50
6307200.00       2.31
6393600.00       0.20
6480000.00       0.00
6566400.00       0.00
6652800.00       0.00
6739200.00       0.00
6825600.00       0.00
6912000.00       0.00
6998400.00       0.50
7084800.00       4.52
7171200.00       1.91
7257600.00       0.10
7344000.00       0.40
7430400.00       0.50
7516800.00      10.04
7603200.00       1.30
7689600.00       1.61
7776000.00       0.00
7862400.00       0.00
7948800.00       0.00
8035200.00       0.00
8121600.00       0.00
8208000.00       0.00
8294400.00       0.00
8380800.00       0.00
8467200.00       0.00
8553600.00       0.00
8640000.00       0.00
8726400.00       0.50
8812800.00       2.20
8899200.00       2.20
8985600.00       0.30
9072000.00       0.50
9158400.00       4.10
9244800.00       4.00
9331200.00       0.70
9417600.00       6.60
9504000.00       2.10
9590400.00       6.80
9676800.00       2.50
9763200.00       1.70
9849600.00       1.10
9936000.00       2.50
10022400.00       0.40
10108800.00       3.00
10195200.00       0.10
10281600.00       0.10
10368000.00       0.00
10454400.00       0.00
10540800.00       0.00
10627200.00       0.00
10713600.00       0.00
10800000.00       0.00
10886400.00       0.00
10972800.00       0.00
11059200.00       0.00
11145600.00       5.29
11232000.00       5.09
11318400.00       4.49
11404800.00       1.40
11491200.00       1.90
11577600.00       7.48
11664000.00       0.40
11750400.00       4.79
11836800.00       4.49
11923200.00       0.30
12009600.00       0.00
12096000.00       0.10
12182400.00       0.00
12268800.00       0.00
12355200.00       0.20
12441600.00       0.00
12528000.00       0.00
12614400.00       0.00
12700800.00       0.00
12787200.00       0.20
12873600.00       4.69
12960000.00       2.79
13046400.00       0.80
13132800.00       0.00
13219200.00       0.00
13305600.00       0.00
13392000.00       0.00
13478400.00       0.00
13564800.00       0.00
13651200.00       0.00
13737600.00       0.00
13824000.00       0.00
13910400.00       0.00
13996800.00       0.20
14083200.00       3.82
14169600.00       0.00
14256000.00       1.61
14342400.00       0.30
14428800.00       5.42
14515200.00       0.20
14601600.00       0.50
14688000.00       0.00
14774400.00       0.00
14860800.00       0.00
14947200.00       4.02
15033600.00       4.32
15120000.00       0.00
15206400.00       0.00
15292800.00       0.00
15379200.00       0.00
15465600.00       0.00
15552000.00       0.00
15638400.00       0.00
15724800.00       0.00
15811200.00       2.21
