      0.00       0.00
  86400.00       1.59
 172800.00       6.36
 259200.00       0.00
 345600.00       0.00
 432000.00       0.40
 518400.00       0.00
 604800.00       0.00
 691200.00       0.00
 777600.00       0.00
 864000.00       0.00
 950400.00       0.00
1036800.00       0.00
1123200.00       0.00
1209600.00       0.00
1296000.00       0.10
1382400.00       0.00
1468800.00       0.00
1555200.00       0.40
1641600.00       3.08
1728000.00       0.10
1814400.00       1.89
1900800.00       0.20
1987200.00       0.40
2073600.00       0.10
2160000.00       3.08
2246400.00       0.10
2332800.00       0.00
2419200.00       0.30
2505600.00       0.00
2592000.00       0.00
2678400.00       0.00
2764800.00       0.00
2851200.00       0.00
2937600.00       1.70
3024000.00       0.90
3110400.00       0.00
3196800.00       0.20
3283200.00       0.10
3369600.00       0.10
3456000.00       0.30
3542400.00       0.50
3628800.00       8.92
3715200.00      12.93
3801600.00       3.41
3888000.00       0.00
3974400.00       0.00
4060800.00       0.80
4147200.00       0.00
4233600.00       0.00
4320000.00       0.00
4406400.00       0.00
4492800.00       0.00
4579200.00       0.00
4665600.00       3.41
4752000.00       0.10
4838400.00       4.51
4924800.00       0.40
5011200.00       0.00
5097600.00       0.00
5184000.00       0.80
5270400.00       0.30
5356800.00       0.10
5443200.00       0.10
5529600.00       0.00
5616000.00       0.00
5702400.00       0.00
5788800.00       0.00
5875200.00       0.00
5961600.00       3.26
6048000.00       0.00
6134400.00       0.40
6220800.00       0.00
6307200.00       0.00
6393600.00       0.00
6480000.00       0.00
6566400.00       0.00
6652800.00       0.30
6739200.00       0.20
6825600.00       0.00
6912000.00       0.00
6998400.00       0.00
7084800.00       0.00
7171200.00       0.00
7257600.00       1.29
7344000.00       1.29
7430400.00       0.00
7516800.00       0.20
7603200.00       0.30
7689600.00       1.38
7776000.00       0.00
7862400.00       0.00
7948800.00       0.00
8035200.00       0.00
8121600.00       7.74
8208000.00       4.72
8294400.00       0.00
8380800.00       4.72
8467200.00       6.23
8553600.00       9.44
8640000.00       0.10
8726400.00       2.31
8812800.00       8.84
8899200.00       0.00
8985600.00       1.00
9072000.00       3.01
9158400.00       4.12
9244800.00       7.84
9331200.00       0.00
9417600.00       0.10
9504000.00       0.00
9590400.00       0.00
9676800.00       0.30
9763200.00       0.00
9849600.00       0.00
9936000.00       0.10
10022400.00       0.00
10108800.00       0.00
10195200.00       0.10
10281600.00       1.11
10368000.00       0.40
10454400.00       0.80
10540800.00       3.21
10627200.00       3.31
10713600.00       1.30
10800000.00       2.41
10886400.00       0.80
10972800.00       0.10
11059200.00       0.00
11145600.00      26.26
11232000.00       0.00
11318400.00       0.00
11404800.00       0.00
11491200.00       0.20
11577600.00       1.80
11664000.00       3.21
11750400.00       1.30
11836800.00       1.20
11923200.00       0.00
12009600.00       7.72
12096000.00      20.34
12182400.00       1.10
12268800.00       0.00
12355200.00       0.00
12441600.00       0.00
12528000.00       0.00
12614400.00       0.00
12700800.00       0.00
12787200.00       2.91
12873600.00       7.62
12960000.00       6.21
13046400.00       0.20
13132800.00       0.10
13219200.00      15.80
13305600.00       0.80
13392000.00       4.40
13478400.00       2.20
13564800.00       5.40
13651200.00       6.50
13737600.00       0.00
13824000.00       0.00
13910400.00       1.20
13996800.00       1.90
14083200.00       1.20
14169600.00       4.00
14256000.00       0.90
14342400.00       0.00
14428800.00       0.90
14515200.00       2.30
14601600.00       7.00
14688000.00       4.50
14774400.00       1.40
14860800.00       0.40
14947200.00       0.00
15033600.00       0.70
15120000.00       5.20
15206400.00       4.50
15292800.00       6.60
15379200.00       5.80
15465600.00       7.40
15552000.00       0.80
15638400.00       6.50
15724800.00       3.00
15811200.00       0.40
