      0.00       5.82
  86400.00       0.08
 172800.00       0.20
 259200.00       7.09
 345600.00      17.97
 432000.00       0.08
 518400.00       1.29
 604800.00       1.23
 691200.00       7.76
 777600.00       2.45
 864000.00       0.72
 950400.00       0.53
1036800.00       3.37
1123200.00       0.48
1209600.00       1.59
1296000.00       0.04
1382400.00       0.00
1468800.00       1.18
1555200.00       0.58
1641600.00       0.03
1728000.00       0.00
1814400.00       0.00
1900800.00       0.00
1987200.00       0.02
2073600.00       0.00
2160000.00       0.03
2246400.00       0.00
2332800.00       0.06
2419200.00       0.55
2505600.00       0.54
2592000.00       0.08
2678400.00       0.02
2764800.00       0.01
2851200.00       0.00
2937600.00       0.00
3024000.00       0.36
3110400.00       0.01
3196800.00       0.00
3283200.00       0.00
3369600.00       0.00
3456000.00       0.00
3542400.00       0.00
3628800.00       0.79
3715200.00       0.00
3801600.00       0.00
3888000.00       0.01
3974400.00       0.58
4060800.00      12.20
4147200.00       0.24
4233600.00       0.00
4320000.00       0.00
4406400.00       0.02
4492800.00       0.00
4579200.00       0.00
4665600.00       0.00
4752000.00       0.01
4838400.00       0.00
4924800.00       8.93
5011200.00       9.08
5097600.00       6.70
5184000.00       7.61
5270400.00       2.72
5356800.00       0.08
5443200.00       0.31
5529600.00       0.00
5616000.00       0.00
5702400.00       0.02
5788800.00       0.00
5875200.00       0.00
5961600.00       0.22
6048000.00       0.19
6134400.00       0.09
6220800.00       0.00
6307200.00       0.02
6393600.00       0.01
6480000.00       0.00
6566400.00       0.00
6652800.00       0.00
6739200.00       0.00
6825600.00       0.00
6912000.00       0.00
6998400.00       0.00
7084800.00       0.00
7171200.00       0.51
7257600.00       0.00
7344000.00       0.00
7430400.00       0.00
7516800.00       0.00
7603200.00       0.00
7689600.00       0.01
7776000.00       0.00
7862400.00       0.00
7948800.00       0.00
8035200.00       0.19
8121600.00       0.58
8208000.00       0.94
8294400.00       0.55
8380800.00       4.90
8467200.00       1.68
8553600.00       0.03
8640000.00       0.20
8726400.00       2.52
8812800.00       1.43
8899200.00       2.03
8985600.00       0.63
9072000.00       0.11
9158400.00       0.74
9244800.00       0.95
9331200.00      19.17
9417600.00       4.84
9504000.00       0.21
9590400.00       1.62
9676800.00       0.00
9763200.00       0.00
9849600.00       0.00
9936000.00       0.00
10022400.00       1.68
10108800.00       2.65
10195200.00       1.88
10281600.00       1.29
10368000.00       0.36
10454400.00       2.72
10540800.00       1.56
10627200.00       3.55
10713600.00       1.56
10800000.00       0.27
10886400.00       0.00
10972800.00       0.00
11059200.00       6.38
11145600.00       2.69
11232000.00       1.98
11318400.00       0.23
11404800.00       0.00
11491200.00       0.00
11577600.00       3.40
11664000.00       0.14
11750400.00       0.11
11836800.00       0.00
11923200.00       0.00
12009600.00       1.53
12096000.00       0.77
12182400.00       0.00
12268800.00       0.00
12355200.00       0.00
12441600.00       0.09
12528000.00       0.28
12614400.00      10.35
12700800.00       2.74
12787200.00       1.22
12873600.00       0.00
12960000.00       0.00
13046400.00       0.00
13132800.00       0.00
13219200.00       0.00
13305600.00       0.15
13392000.00       0.01
13478400.00       0.00
13564800.00       0.13
13651200.00       0.00
13737600.00       0.00
13824000.00       0.00
13910400.00       0.00
13996800.00       0.40
14083200.00       0.03
14169600.00       3.29
14256000.00       7.49
14342400.00       2.13
14428800.00       9.45
14515200.00       5.99
14601600.00       3.00
14688000.00       4.29
14774400.00       9.11
14860800.00       0.04
14947200.00       0.49
15033600.00       0.17
15120000.00       1.67
15206400.00      12.98
15292800.00       1.11
15379200.00       0.00
15465600.00      14.62
15552000.00       8.16
15638400.00       0.96
15724800.00       0.01
15811200.00       0.00
