      0.00       0.00
  86400.00       0.01
 172800.00       1.51
 259200.00       0.12
 345600.00       0.38
 432000.00       5.04
 518400.00       3.76
 604800.00      17.89
 691200.00       1.13
 777600.00       0.04
 864000.00       0.01
 950400.00       0.04
1036800.00       0.69
1123200.00       0.40
1209600.00       0.66
1296000.00       0.02
1382400.00       0.00
1468800.00       3.93
1555200.00       7.07
1641600.00       2.72
1728000.00       0.40
1814400.00       0.31
1900800.00       0.91
1987200.00       0.23
2073600.00       0.12
2160000.00       7.15
2246400.00       1.26
2332800.00       5.37
2419200.00      11.95
2505600.00       2.76
2592000.00       3.46
2678400.00       7.13
2764800.00       0.31
2851200.00       0.09
2937600.00       3.63
3024000.00       0.03
3110400.00       0.12
3196800.00       0.12
3283200.00       0.18
3369600.00       2.17
3456000.00       7.96
3542400.00       5.97
3628800.00       0.36
3715200.00       0.68
3801600.00       0.28
3888000.00       3.36
3974400.00       2.83
4060800.00       0.11
4147200.00      12.93
4233600.00       1.80
4320000.00       0.40
4406400.00      13.50
4492800.00       0.16
4579200.00       0.41
4665600.00       0.40
4752000.00       5.95
4838400.00       1.69
4924800.00      10.74
5011200.00       2.40
5097600.00       0.22
5184000.00       0.10
5270400.00       2.06
5356800.00       2.45
5443200.00       0.02
5529600.00       0.05
5616000.00       0.02
5702400.00       0.00
5788800.00       0.19
5875200.00       0.14
5961600.00       0.00
6048000.00       0.12
6134400.00       0.22
6220800.00       0.03
6307200.00       1.55
6393600.00       1.81
6480000.00       5.75
6566400.00       1.84
6652800.00       1.40
6739200.00       0.85
6825600.00       0.68
6912000.00       0.29
6998400.00       0.09
7084800.00       5.35
7171200.00       1.94
7257600.00       0.08
7344000.00       7.82
7430400.00       3.78
7516800.00       2.20
7603200.00       0.14
7689600.00       0.07
7776000.00       2.98
7862400.00       0.11
7948800.00      17.57
8035200.00      10.54
8121600.00      18.57
8208000.00      20.04
8294400.00       0.87
8380800.00       1.42
8467200.00       0.04
8553600.00       2.84
8640000.00       0.04
8726400.00       0.04
8812800.00       0.02
8899200.00       0.18
8985600.00       0.24
9072000.00       0.34
9158400.00       0.13
9244800.00       0.07
9331200.00       0.29
9417600.00       0.80
9504000.00       0.42
9590400.00       0.10
9676800.00       0.50
9763200.00       1.93
9849600.00       0.73
9936000.00       0.17
10022400.00       0.02
10108800.00       1.34
10195200.00       0.37
10281600.00       0.81
10368000.00       5.48
10454400.00       0.06
10540800.00       0.08
10627200.00       0.00
10713600.00       0.00
10800000.00       0.18
10886400.00       0.33
10972800.00       0.83
11059200.00       9.83
11145600.00       5.80
11232000.00       1.91
11318400.00      11.53
11404800.00      14.47
11491200.00       0.85
11577600.00       0.34
11664000.00       1.19
11750400.00       1.11
11836800.00      10.46
11923200.00       0.98
12009600.00       7.62
12096000.00       1.56
12182400.00       1.96
12268800.00       6.48
12355200.00       0.03
12441600.00       0.05
12528000.00       2.06
12614400.00       0.36
12700800.00       5.75
12787200.00       0.16
12873600.00      24.97
12960000.00       0.14
13046400.00       0.23
13132800.00       5.03
13219200.00       0.45
13305600.00       0.50
13392000.00       0.16
13478400.00       0.20
13564800.00       7.32
13651200.00       0.15
13737600.00       0.62
13824000.00       0.02
13910400.00      19.24
13996800.00       0.80
14083200.00       0.03
14169600.00       0.04
14256000.00       0.01
14342400.00       0.03
14428800.00       0.27
14515200.00       0.16
14601600.00       4.23
14688000.00       9.91
14774400.00       0.21
14860800.00       0.38
14947200.00       0.02
15033600.00       0.07
15120000.00       0.02
15206400.00       1.15
15292800.00       1.26
15379200.00       0.02
15465600.00      18.71
15552000.00       5.31
15638400.00       0.47
15724800.00       0.58
15811200.00       2.54
15897600.00       0.12
15984000.00      18.54
