      0.00       0.06
  86400.00       0.03
 172800.00       2.05
 259200.00       0.20
 345600.00       0.35
 432000.00       1.14
 518400.00       1.49
 604800.00       0.00
 691200.00       0.23
 777600.00       0.12
 864000.00       5.31
 950400.00       7.71
1036800.00       3.83
1123200.00       2.63
1209600.00       0.28
1296000.00       0.02
1382400.00       0.30
1468800.00       2.57
1555200.00       4.04
1641600.00       0.78
1728000.00       1.09
1814400.00       1.49
1900800.00       1.94
1987200.00       1.21
2073600.00       0.59
2160000.00       0.62
2246400.00       0.15
2332800.00       0.00
2419200.00       0.06
2505600.00       0.00
2592000.00       0.25
2678400.00       4.98
2764800.00       0.12
2851200.00       7.05
2937600.00       2.23
3024000.00       3.15
3110400.00       4.68
3196800.00       0.50
3283200.00       0.71
3369600.00       1.26
3456000.00       0.00
3542400.00       0.00
3628800.00       0.93
3715200.00       0.05
3801600.00       0.02
3888000.00       0.00
3974400.00       0.39
4060800.00       7.35
4147200.00      15.37
4233600.00       0.71
4320000.00       3.02
4406400.00       5.20
4492800.00       0.00
4579200.00       0.00
4665600.00       0.00
4752000.00       0.05
4838400.00       0.00
4924800.00      12.47
5011200.00       2.56
5097600.00       4.14
5184000.00       4.81
5270400.00       0.15
5356800.00       0.54
5443200.00      11.40
5529600.00       9.84
5616000.00       2.23
5702400.00       0.09
5788800.00       4.81
5875200.00       1.17
5961600.00       1.70
6048000.00       0.88
6134400.00       0.03
6220800.00       0.00
6307200.00       0.00
6393600.00       0.02
6480000.00       0.00
6566400.00       0.03
6652800.00       0.00
6739200.00       0.03
6825600.00       0.11
6912000.00       3.40
6998400.00       0.83
7084800.00       0.00
7171200.00       0.00
7257600.00       0.00
7344000.00       0.00
7430400.00       1.35
7516800.00       0.06
7603200.00       0.15
7689600.00       0.38
7776000.00       0.54
7862400.00       9.00
7948800.00       0.32
8035200.00       0.00
8121600.00       0.50
8208000.00       0.03
8294400.00       0.00
8380800.00       0.00
8467200.00       0.00
8553600.00       0.02
8640000.00       0.86
8726400.00       0.03
8812800.00       0.00
8899200.00       0.25
8985600.00       0.00
9072000.00       0.00
9158400.00       0.00
9244800.00       0.00
9331200.00       0.02
9417600.00       0.27
9504000.00       0.55
9590400.00       2.89
9676800.00       3.05
9763200.00      14.09
9849600.00       1.67
9936000.00       0.46
10022400.00       0.25
10108800.00       2.93
10195200.00       2.50
10281600.00       0.00
10368000.00       0.02
10454400.00       0.42
10540800.00       6.62
10627200.00       7.11
10713600.00       0.43
10800000.00       1.94
10886400.00       0.03
10972800.00       0.00
11059200.00      19.33
11145600.00       6.55
11232000.00       0.05
11318400.00       4.06
11404800.00       0.42
11491200.00       0.00
11577600.00       0.48
11664000.00       0.10
11750400.00       0.76
11836800.00       0.05
11923200.00       1.15
12009600.00       0.08
12096000.00       0.00
12182400.00       2.06
12268800.00       0.20
12355200.00       0.31
12441600.00       0.00
12528000.00       0.00
12614400.00       0.00
12700800.00       0.00
12787200.00       0.03
12873600.00       0.00
12960000.00       0.22
13046400.00       0.00
13132800.00       0.00
13219200.00       0.00
13305600.00       0.30
13392000.00       6.40
13478400.00       0.14
13564800.00       2.53
13651200.00       0.06
13737600.00       0.00
13824000.00       4.04
13910400.00      21.55
13996800.00       0.28
14083200.00       4.81
14169600.00       1.63
14256000.00       3.41
14342400.00       0.03
14428800.00       0.34
14515200.00       1.41
14601600.00       5.89
14688000.00      10.97
14774400.00       1.19
14860800.00       6.98
14947200.00       0.00
15033600.00      10.28
15120000.00       2.34
15206400.00       6.53
15292800.00       3.18
15379200.00       4.46
15465600.00       2.10
15552000.00       0.02
15638400.00       0.74
15724800.00       0.16
15811200.00       0.03
