      0.00       0.90
  86400.00       0.20
 172800.00       0.00
 259200.00       3.59
 345600.00       0.50
 432000.00       0.00
 518400.00       1.20
 604800.00       4.49
 691200.00       1.50
 777600.00       0.00
 864000.00       0.00
 950400.00       0.00
1036800.00       0.00
1123200.00       0.00
1209600.00       0.40
1296000.00       0.10
1382400.00       0.00
1468800.00       0.00
1555200.00       0.50
1641600.00       1.80
1728000.00       0.00
1814400.00       2.00
1900800.00       2.09
1987200.00       0.00
2073600.00       4.69
2160000.00       3.59
2246400.00       0.60
2332800.00       3.69
2419200.00       2.00
2505600.00       0.30
2592000.00       5.89
2678400.00       6.57
2764800.00       0.30
2851200.00       5.57
2937600.00       0.00
3024000.00       0.00
3110400.00       0.00
3196800.00       0.00
3283200.00       0.00
3369600.00       0.00
3456000.00       0.00
3542400.00       1.29
3628800.00       2.19
3715200.00       0.80
3801600.00       0.10
3888000.00       0.00
3974400.00       0.10
4060800.00       0.00
4147200.00       0.00
4233600.00       1.00
4320000.00       6.77
4406400.00       9.56
4492800.00       0.10
4579200.00       2.39
4665600.00       0.00
4752000.00       4.78
4838400.00       1.99
4924800.00       0.00
5011200.00       0.00
5097600.00       0.00
5184000.00       0.00
5270400.00       0.00
5356800.00       0.00
5443200.00       0.00
5529600.00       0.00
5616000.00       0.20
5702400.00       1.21
5788800.00       0.00
5875200.00       0.00
5961600.00       0.00
6048000.00       0.00
6134400.00       0.00
6220800.00       0.10
6307200.00       0.00
6393600.00       0.00
6480000.00       0.00
6566400.00       0.70
6652800.00       1.01
6739200.00       0.00
6825600.00       0.00
6912000.00       0.00
6998400.00       0.60
7084800.00       7.05
7171200.00       0.30
7257600.00       0.20
7344000.00       0.30
7430400.00       0.00
7516800.00       0.00
7603200.00       0.00
7689600.00       0.30
7776000.00       2.62
7862400.00       0.30
7948800.00       5.40
8035200.00       9.60
8121600.00       1.40
8208000.00       3.50
8294400.00       0.00
8380800.00       2.30
8467200.00       0.90
8553600.00       0.00
8640000.00       0.00
8726400.00       0.00
8812800.00       0.00
8899200.00       9.40
8985600.00       6.90
9072000.00       1.80
9158400.00       0.10
9244800.00       0.00
9331200.00       5.40
9417600.00       7.60
9504000.00       8.70
9590400.00       2.50
9676800.00       7.00
9763200.00       0.70
9849600.00       0.00
9936000.00       8.10
10022400.00       2.60
10108800.00       3.10
10195200.00       0.00
10281600.00       1.00
10368000.00       6.00
10454400.00       6.80
10540800.00       6.39
10627200.00       8.68
10713600.00       0.30
10800000.00       0.60
10886400.00       0.10
10972800.00       0.00
11059200.00       5.99
11145600.00       1.40
11232000.00      12.77
11318400.00       5.79
11404800.00       3.59
11491200.00       8.08
11577600.00       0.50
11664000.00      15.87
11750400.00       1.00
11836800.00       0.90
11923200.00       0.10
12009600.00       3.39
12096000.00       0.40
12182400.00       0.20
12268800.00       1.20
12355200.00       4.29
12441600.00       3.39
12528000.00       4.09
12614400.00       1.10
12700800.00       0.30
12787200.00       0.70
12873600.00       5.69
12960000.00       1.60
13046400.00       0.70
13132800.00       2.99
13219200.00       3.60
13305600.00       2.10
13392000.00       0.00
13478400.00       0.00
13564800.00       1.00
13651200.00       1.60
13737600.00       0.00
13824000.00       0.00
13910400.00       0.90
13996800.00       4.30
14083200.00       0.10
14169600.00       0.00
14256000.00       0.00
14342400.00       0.00
14428800.00       0.00
14515200.00       0.00
14601600.00       0.40
14688000.00       0.00
14774400.00       1.70
14860800.00       0.00
14947200.00       0.00
15033600.00       0.00
15120000.00       0.00
15206400.00       0.00
15292800.00       0.00
15379200.00       0.00
15465600.00       0.00
15552000.00       0.00
15638400.00       0.00
15724800.00       0.00
15811200.00       0.00
