      0.00       0.00
  86400.00       0.00
 172800.00       0.50
 259200.00       0.20
 345600.00       0.10
 432000.00       0.60
 518400.00       0.10
 604800.00       0.00
 691200.00       0.00
 777600.00       0.00
 864000.00       0.00
 950400.00       0.80
1036800.00       9.50
1123200.00      29.10
1209600.00      15.60
1296000.00       0.00
1382400.00       1.00
1468800.00      10.60
1555200.00       9.10
1641600.00       3.50
1728000.00       1.90
1814400.00       2.00
1900800.00      10.10
1987200.00       2.70
2073600.00       0.00
2160000.00       0.00
2246400.00       0.00
2332800.00       0.00
2419200.00       0.10
2505600.00       0.10
2592000.00       0.10
2678400.00       0.10
2764800.00       1.50
2851200.00       5.40
2937600.00       0.60
3024000.00       0.00
3110400.00       0.00
3196800.00       0.00
3283200.00       0.00
3369600.00       0.00
3456000.00       0.00
3542400.00       0.70
3628800.00       0.90
3715200.00       0.20
3801600.00       0.00
3888000.00       7.40
3974400.00      10.70
4060800.00       0.30
4147200.00       5.90
4233600.00       4.30
4320000.00      14.90
4406400.00       6.30
4492800.00       3.80
4579200.00       3.70
4665600.00       0.00
4752000.00       0.20
4838400.00       0.00
4924800.00       7.30
5011200.00       4.10
5097600.00       0.70
5184000.00       0.60
5270400.00       4.21
5356800.00       6.91
5443200.00       0.40
5529600.00       1.30
5616000.00       0.00
5702400.00       4.61
5788800.00       0.80
5875200.00       0.00
5961600.00       0.50
6048000.00       0.20
6134400.00       0.00
6220800.00       0.20
6307200.00       0.40
6393600.00       0.00
6480000.00       0.00
6566400.00       0.00
6652800.00       0.20
6739200.00       0.10
6825600.00       4.51
6912000.00       0.00
6998400.00       6.81
7084800.00       5.81
7171200.00       3.81
7257600.00       4.51
7344000.00       0.60
7430400.00       0.00
7516800.00       0.00
7603200.00       0.00
7689600.00       1.50
7776000.00       1.00
7862400.00      17.63
7948800.00      15.17
8035200.00       1.30
8121600.00       0.70
8208000.00       8.38
8294400.00       0.80
8380800.00       2.99
8467200.00       5.19
8553600.00       0.00
8640000.00       0.00
8726400.00       0.00
8812800.00       0.00
8899200.00      17.86
8985600.00       6.19
9072000.00       2.20
9158400.00       0.00
9244800.00       0.00
9331200.00       7.38
9417600.00      17.26
9504000.00       3.69
9590400.00       0.60
9676800.00       0.10
9763200.00       0.00
9849600.00       0.20
9936000.00       0.00
10022400.00       0.00
10108800.00       0.00
10195200.00       0.00
10281600.00       0.00
10368000.00       0.00
10454400.00       0.00
10540800.00       0.00
10627200.00       0.00
10713600.00       0.20
10800000.00       0.00
10886400.00       0.00
10972800.00       0.00
11059200.00       6.60
11145600.00       1.90
11232000.00       0.90
11318400.00       3.60
11404800.00       2.40
11491200.00       1.80
11577600.00       0.00
11664000.00       1.60
11750400.00       0.00
11836800.00       0.10
11923200.00       1.70
12009600.00       2.20
12096000.00       0.00
12182400.00       0.00
12268800.00       6.90
12355200.00       0.00
12441600.00       0.00
12528000.00       0.00
12614400.00       0.00
12700800.00       0.80
12787200.00       0.00
12873600.00       0.00
12960000.00       0.20
13046400.00       0.20
13132800.00       0.00
13219200.00       0.50
13305600.00       0.00
13392000.00       0.00
13478400.00       0.00
13564800.00       0.00
13651200.00       1.10
13737600.00       0.50
13824000.00       3.80
13910400.00       0.70
13996800.00       0.50
14083200.00       0.00
14169600.00       0.10
14256000.00       3.00
14342400.00       0.40
14428800.00       0.10
14515200.00       1.80
14601600.00       7.50
14688000.00      11.20
14774400.00       0.00
14860800.00       0.00
14947200.00       0.00
15033600.00       0.00
15120000.00       0.20
15206400.00       0.50
15292800.00       0.00
15379200.00       0.00
15465600.00       2.50
15552000.00       0.00
15638400.00       0.00
15724800.00       0.00
15811200.00       0.00
