      0.00       0.24
  86400.00       0.21
 172800.00       0.56
 259200.00       0.32
 345600.00       0.15
 432000.00       0.26
 518400.00       0.33
 604800.00       0.76
 691200.00       0.19
 777600.00       1.28
 864000.00       0.15
 950400.00       0.53
1036800.00       0.20
1123200.00       0.12
1209600.00       5.68
1296000.00       2.77
1382400.00       7.55
1468800.00       5.04
1555200.00       3.14
1641600.00       8.02
1728000.00      14.95
1814400.00      10.71
1900800.00       6.92
1987200.00      13.91
2073600.00       1.84
2160000.00       3.31
2246400.00      14.47
2332800.00       2.82
2419200.00       2.99
2505600.00       5.80
2592000.00      16.31
2678400.00       0.70
2764800.00       0.02
2851200.00       0.09
2937600.00       1.07
3024000.00       5.41
3110400.00       0.02
3196800.00       0.11
3283200.00       2.92
3369600.00       1.55
3456000.00       5.63
3542400.00      16.50
3628800.00      12.03
3715200.00       0.83
3801600.00       0.70
3888000.00       0.07
3974400.00       0.03
4060800.00       0.04
4147200.00       0.02
4233600.00       0.73
4320000.00       0.03
4406400.00       0.12
4492800.00       0.02
4579200.00       0.15
4665600.00       0.06
4752000.00       0.03
4838400.00       0.03
4924800.00       0.05
5011200.00       4.32
5097600.00       4.33
5184000.00       0.60
5270400.00       0.02
5356800.00       0.28
5443200.00       2.13
5529600.00       1.19
5616000.00       0.02
5702400.00       0.46
5788800.00       3.72
5875200.00       0.61
5961600.00       0.01
6048000.00       0.25
6134400.00       0.09
6220800.00       0.07
6307200.00       0.01
6393600.00       0.01
6480000.00       0.06
6566400.00       1.30
6652800.00       0.68
6739200.00       0.01
6825600.00       0.10
6912000.00       0.07
6998400.00       0.06
7084800.00       0.13
7171200.00       0.16
7257600.00       4.08
7344000.00      10.45
7430400.00       2.90
7516800.00       0.23
7603200.00       2.88
7689600.00       0.06
7776000.00       0.03
7862400.00       0.02
7948800.00       0.09
8035200.00       0.02
8121600.00       0.00
8208000.00       0.52
8294400.00       1.46
8380800.00       2.13
8467200.00       0.33
8553600.00       0.53
8640000.00       1.74
8726400.00       1.99
8812800.00      12.13
8899200.00       0.19
8985600.00       0.13
9072000.00       0.13
9158400.00       0.11
9244800.00       0.04
9331200.00       0.02
9417600.00       0.06
9504000.00       0.05
9590400.00       0.02
9676800.00       0.01
9763200.00       0.15
9849600.00       0.09
9936000.00       0.08
10022400.00       0.04
10108800.00       0.01
10195200.00       0.00
10281600.00       0.07
10368000.00       0.05
10454400.00       0.04
10540800.00       0.01
10627200.00       0.01
10713600.00       0.00
10800000.00       0.00
10886400.00       0.01
10972800.00       0.93
11059200.00       0.39
11145600.00       0.03
11232000.00       0.12
11318400.00       0.29
11404800.00       0.18
11491200.00       2.09
11577600.00       7.50
11664000.00       2.41
11750400.00       2.18
11836800.00       0.39
11923200.00      11.64
12009600.00       2.73
12096000.00       0.17
12182400.00       3.53
12268800.00       0.34
12355200.00       0.03
12441600.00       0.10
12528000.00       1.60
12614400.00       3.53
12700800.00       0.04
12787200.00       0.02
12873600.00       0.23
12960000.00       1.04
13046400.00       0.39
13132800.00       0.03
13219200.00       0.18
13305600.00       0.14
13392000.00       0.00
13478400.00       0.01
13564800.00       0.04
13651200.00       0.07
13737600.00       0.06
13824000.00       0.02
13910400.00       1.72
13996800.00       0.04
14083200.00       0.03
14169600.00       0.04
14256000.00       1.69
14342400.00       0.01
14428800.00       0.01
14515200.00       0.03
14601600.00       0.32
14688000.00       0.36
14774400.00       0.05
14860800.00       3.25
14947200.00       3.16
15033600.00       0.15
15120000.00       0.03
15206400.00       1.32
15292800.00       0.16
15379200.00       0.03
15465600.00       0.04
15552000.00       0.02
15638400.00       0.09
15724800.00       0.00
15811200.00       0.29
15897600.00       0.10
15984000.00       0.05
