      0.00       0.09
  86400.00       0.06
 172800.00       0.25
 259200.00       0.65
 345600.00       1.11
 432000.00       0.10
 518400.00       0.05
 604800.00       0.02
 691200.00       0.20
 777600.00       0.22
 864000.00       0.27
 950400.00       0.21
1036800.00       0.16
1123200.00       2.18
1209600.00       3.52
1296000.00       0.99
1382400.00      14.31
1468800.00       0.22
1555200.00       0.01
1641600.00       0.02
1728000.00      14.88
1814400.00       7.60
1900800.00       5.52
1987200.00       4.46
2073600.00       0.92
2160000.00       4.86
2246400.00       0.48
2332800.00       7.94
2419200.00       5.36
2505600.00       0.54
2592000.00       0.02
2678400.00       0.17
2764800.00       0.09
2851200.00       0.04
2937600.00       1.10
3024000.00       3.60
3110400.00       8.27
3196800.00       5.52
3283200.00       1.89
3369600.00       6.72
3456000.00       1.63
3542400.00       8.40
3628800.00       0.93
3715200.00       0.28
3801600.00       0.89
3888000.00       0.44
3974400.00       0.15
4060800.00       2.21
4147200.00       1.19
4233600.00       1.97
4320000.00       0.11
4406400.00       0.08
4492800.00       0.30
4579200.00       0.03
4665600.00       0.06
4752000.00       0.07
4838400.00       3.54
4924800.00       0.08
5011200.00       0.06
5097600.00       0.13
5184000.00       0.07
5270400.00       9.34
5356800.00       2.86
5443200.00       2.55
5529600.00       1.38
5616000.00       7.80
5702400.00       5.97
5788800.00       6.22
5875200.00       3.80
5961600.00       3.03
6048000.00       0.34
6134400.00       0.11
6220800.00      11.25
6307200.00       5.46
6393600.00       3.35
6480000.00       3.38
6566400.00       2.98
6652800.00       1.10
6739200.00       6.76
6825600.00       0.95
6912000.00       0.45
6998400.00      10.34
7084800.00       2.85
7171200.00       1.10
7257600.00       1.40
7344000.00       3.23
7430400.00       0.17
7516800.00       2.13
7603200.00       0.51
7689600.00       0.08
7776000.00       0.31
7862400.00       1.55
7948800.00       0.72
8035200.00       0.10
8121600.00       1.17
8208000.00       1.84
8294400.00       2.23
8380800.00       0.47
8467200.00       2.86
8553600.00       6.13
8640000.00       1.28
8726400.00       3.93
8812800.00       0.30
8899200.00       0.43
8985600.00       0.14
9072000.00       0.04
9158400.00       0.04
9244800.00       0.68
9331200.00      10.80
9417600.00       1.13
9504000.00       1.32
9590400.00       0.12
9676800.00       2.84
9763200.00       0.09
9849600.00       0.05
9936000.00       0.00
10022400.00       0.02
10108800.00       0.01
10195200.00       0.01
10281600.00       6.14
10368000.00       2.08
10454400.00       6.21
10540800.00       0.13
10627200.00       0.82
10713600.00       0.79
10800000.00       3.66
10886400.00       1.14
10972800.00       7.52
11059200.00       3.95
11145600.00       3.51
11232000.00       0.03
11318400.00       0.04
11404800.00       0.96
11491200.00       0.13
11577600.00      12.69
11664000.00       1.66
11750400.00       6.10
11836800.00       4.09
11923200.00       0.52
12009600.00       0.50
12096000.00       0.42
12182400.00       0.50
12268800.00       2.74
12355200.00       3.18
12441600.00       0.67
12528000.00       0.44
12614400.00       0.14
12700800.00       0.65
12787200.00       0.04
12873600.00       0.18
12960000.00       0.03
13046400.00       0.54
13132800.00       0.17
13219200.00      10.29
13305600.00       0.04
13392000.00       0.00
13478400.00       0.26
13564800.00       0.31
13651200.00       0.43
13737600.00       0.03
13824000.00       0.01
13910400.00       0.89
13996800.00       0.06
14083200.00       0.17
14169600.00       0.03
14256000.00       0.00
14342400.00       0.00
14428800.00       0.00
14515200.00       0.01
14601600.00       0.05
14688000.00       0.00
14774400.00       0.00
14860800.00       0.00
14947200.00       0.03
15033600.00       0.10
15120000.00       0.02
15206400.00       0.01
15292800.00       0.10
15379200.00       0.05
15465600.00       0.02
15552000.00       0.00
15638400.00       0.01
15724800.00       0.02
15811200.00       0.06
15897600.00       0.12
15984000.00       0.01
