      0.00       1.66
  86400.00       0.76
 172800.00       1.34
 259200.00       0.60
 345600.00       1.57
 432000.00       0.47
 518400.00       0.13
 604800.00       0.01
 691200.00       0.00
 777600.00       0.00
 864000.00       0.02
 950400.00       2.06
1036800.00       0.68
1123200.00       0.14
1209600.00       0.44
1296000.00       0.16
1382400.00       0.01
1468800.00       0.10
1555200.00       0.07
1641600.00       0.24
1728000.00       0.07
1814400.00       0.06
1900800.00       0.09
1987200.00       0.42
2073600.00       0.15
2160000.00       0.10
2246400.00       0.17
2332800.00       0.12
2419200.00       0.04
2505600.00       5.60
2592000.00       8.10
2678400.00      10.68
2764800.00       5.01
2851200.00       6.45
2937600.00       0.37
3024000.00       1.18
3110400.00       0.37
3196800.00       0.01
3283200.00       0.00
3369600.00       0.00
3456000.00       0.00
3542400.00       0.00
3628800.00       0.00
3715200.00       0.15
3801600.00       0.28
3888000.00       0.04
3974400.00       0.27
4060800.00       0.09
4147200.00       0.03
4233600.00       0.01
4320000.00       0.01
4406400.00       0.10
4492800.00       0.00
4579200.00       0.00
4665600.00       0.49
4752000.00       0.01
4838400.00       0.12
4924800.00       0.46
5011200.00       0.45
5097600.00       0.11
5184000.00       0.33
5270400.00       5.22
5356800.00       4.46
5443200.00       3.42
5529600.00      10.14
5616000.00       1.50
5702400.00       0.27
5788800.00       0.93
5875200.00       0.55
5961600.00       0.95
6048000.00       0.03
6134400.00       4.11
6220800.00       0.14
6307200.00       0.70
6393600.00       0.07
6480000.00       0.05
6566400.00       5.67
6652800.00       0.80
6739200.00       0.03
6825600.00       2.19
6912000.00      11.93
6998400.00       3.54
7084800.00       3.19
7171200.00       4.14
7257600.00       6.52
7344000.00       0.38
7430400.00       2.67
7516800.00       0.17
7603200.00       0.35
7689600.00       3.65
7776000.00       0.21
7862400.00       0.32
7948800.00       0.08
8035200.00       0.13
8121600.00       2.01
8208000.00       0.20
8294400.00       0.05
8380800.00       0.05
8467200.00       0.00
8553600.00       0.08
8640000.00       0.99
8726400.00       0.10
8812800.00       0.13
8899200.00       0.11
8985600.00       0.05
9072000.00       0.49
9158400.00       0.79
9244800.00       0.22
9331200.00       0.08
9417600.00       0.88
9504000.00       1.52
9590400.00       0.22
9676800.00       0.72
9763200.00       0.04
9849600.00       0.09
9936000.00       0.08
10022400.00       0.14
10108800.00       0.30
10195200.00       8.10
10281600.00       0.65
10368000.00       0.07
10454400.00       0.69
10540800.00       0.03
10627200.00       0.49
10713600.00       0.42
10800000.00       0.15
10886400.00       0.98
10972800.00       0.45
11059200.00       0.02
11145600.00       0.01
11232000.00       0.00
11318400.00       0.33
11404800.00       0.04
11491200.00       0.14
11577600.00       0.02
11664000.00       0.02
11750400.00       0.04
11836800.00       0.03
11923200.00       0.28
12009600.00      12.16
12096000.00       3.13
12182400.00       3.51
12268800.00       0.56
12355200.00       0.97
12441600.00       0.23
12528000.00       0.04
12614400.00      14.53
12700800.00       0.06
12787200.00       0.70
12873600.00       4.78
12960000.00       0.53
13046400.00       1.20
13132800.00       0.05
13219200.00       0.04
13305600.00       0.48
13392000.00       0.86
13478400.00       0.13
13564800.00       0.52
13651200.00       0.04
13737600.00       0.09
13824000.00       0.07
13910400.00       0.00
13996800.00       0.02
14083200.00       0.61
14169600.00       0.01
14256000.00       0.04
14342400.00       0.01
14428800.00       1.42
14515200.00       0.66
14601600.00       1.79
14688000.00       0.05
14774400.00       0.00
14860800.00       0.19
14947200.00       0.04
15033600.00       0.00
15120000.00       0.02
15206400.00       0.00
15292800.00       0.08
15379200.00       0.01
15465600.00       0.01
15552000.00       0.02
15638400.00       0.02
15724800.00       0.06
15811200.00       0.05
15897600.00       0.64
15984000.00       0.05
