      0.00       2.80
  86400.00      14.31
 172800.00       0.16
 259200.00       0.10
 345600.00       1.71
 432000.00       0.80
 518400.00       0.79
 604800.00       1.54
 691200.00       0.32
 777600.00       2.75
 864000.00       1.40
 950400.00       5.47
1036800.00       1.10
1123200.00       6.38
1209600.00       0.23
1296000.00       7.04
1382400.00       1.38
1468800.00      11.66
1555200.00      18.50
1641600.00       0.53
1728000.00       1.24
1814400.00       0.69
1900800.00       8.39
1987200.00      10.06
2073600.00      13.22
2160000.00       0.22
2246400.00       0.10
2332800.00       2.71
2419200.00       1.42
2505600.00       0.17
2592000.00       8.70
2678400.00      25.32
2764800.00      16.77
2851200.00       0.31
2937600.00       1.63
3024000.00       0.26
3110400.00       0.19
3196800.00       0.27
3283200.00       2.09
3369600.00       0.15
3456000.00       0.26
3542400.00       1.59
3628800.00      11.72
3715200.00       4.16
3801600.00       6.88
3888000.00       1.15
3974400.00       0.58
4060800.00      15.93
4147200.00       6.67
4233600.00      10.72
4320000.00       0.41
4406400.00       0.08
4492800.00       0.36
4579200.00       0.33
4665600.00       6.19
4752000.00       2.43
4838400.00       0.33
4924800.00       1.15
5011200.00       0.27
5097600.00       3.31
5184000.00       0.50
5270400.00       0.11
5356800.00       0.39
5443200.00       1.32
5529600.00       0.26
5616000.00       0.03
5702400.00       0.04
5788800.00       0.06
5875200.00       0.08
5961600.00       0.11
6048000.00       0.09
6134400.00       1.97
6220800.00       3.95
6307200.00       0.61
6393600.00       0.97
6480000.00       0.26
6566400.00       0.61
6652800.00       0.13
6739200.00       0.87
6825600.00       0.48
6912000.00       0.13
6998400.00       0.09
7084800.00       0.04
7171200.00       5.59
7257600.00       7.22
7344000.00       0.02
7430400.00      20.67
7516800.00       4.31
7603200.00       0.02
7689600.00       0.08
7776000.00       0.79
7862400.00       0.04
7948800.00       0.02
8035200.00       0.19
8121600.00       0.15
8208000.00       1.95
8294400.00       0.74
8380800.00       0.99
8467200.00       1.76
8553600.00       3.93
8640000.00       6.39
8726400.00       2.62
8812800.00       0.01
8899200.00       0.36
8985600.00       0.02
9072000.00       0.19
9158400.00       0.53
9244800.00       0.13
9331200.00       0.03
9417600.00       0.03
9504000.00       0.03
9590400.00       0.01
9676800.00       1.27
9763200.00       5.29
9849600.00       6.21
9936000.00       0.25
10022400.00       3.45
10108800.00       0.61
10195200.00       0.14
10281600.00       0.02
10368000.00       1.97
10454400.00       0.33
10540800.00       5.53
10627200.00       6.35
10713600.00      14.27
10800000.00       1.01
10886400.00       0.83
10972800.00       4.95
11059200.00       0.41
11145600.00       1.85
11232000.00       0.84
11318400.00       0.03
11404800.00       1.10
11491200.00       0.04
11577600.00       0.47
11664000.00       0.05
11750400.00       0.04
11836800.00       0.04
11923200.00       0.12
12009600.00       0.01
12096000.00       0.00
12182400.00       0.01
12268800.00       0.01
12355200.00       0.09
12441600.00       0.04
12528000.00       0.00
12614400.00       0.00
12700800.00       0.00
12787200.00       0.00
12873600.00       0.00
12960000.00       0.11
13046400.00       0.14
13132800.00       0.00
13219200.00       0.00
13305600.00       0.00
13392000.00       0.02
13478400.00       0.02
13564800.00       0.96
13651200.00       0.01
13737600.00       0.00
13824000.00       0.00
13910400.00       0.13
13996800.00       0.33
14083200.00       0.00
14169600.00       0.00
14256000.00       1.84
14342400.00       1.01
14428800.00       0.00
14515200.00       0.16
14601600.00       0.03
14688000.00       0.01
14774400.00       0.00
14860800.00       0.00
14947200.00       0.00
15033600.00       0.16
15120000.00       0.22
15206400.00       0.12
15292800.00       3.22
15379200.00       3.11
15465600.00       0.85
15552000.00       0.04
15638400.00       0.04
15724800.00       2.19
15811200.00       0.03
15897600.00       1.32
15984000.00       2.42
