      0.00       0.00
  86400.00       0.04
 172800.00       0.00
 259200.00       0.00
 345600.00       0.12
 432000.00       0.05
 518400.00       0.08
 604800.00       0.04
 691200.00       0.01
 777600.00       0.01
 864000.00       0.00
 950400.00       1.20
1036800.00       1.02
1123200.00       0.03
1209600.00       0.09
1296000.00       0.00
1382400.00       0.14
1468800.00       5.66
1555200.00       0.10
1641600.00       0.10
1728000.00       0.00
1814400.00       0.07
1900800.00       0.12
1987200.00       0.08
2073600.00       0.05
2160000.00       0.61
2246400.00       0.00
2332800.00       0.22
2419200.00       0.23
2505600.00       5.64
2592000.00       0.08
2678400.00       0.01
2764800.00       0.01
2851200.00       0.39
2937600.00       1.33
3024000.00       0.23
3110400.00       0.01
3196800.00       0.00
3283200.00       0.00
3369600.00       0.04
3456000.00       0.01
3542400.00       0.56
3628800.00       0.00
3715200.00       0.18
3801600.00       0.00
3888000.00       0.00
3974400.00       0.00
4060800.00       0.06
4147200.00       0.00
4233600.00       0.00
4320000.00       0.04
4406400.00       0.04
4492800.00       0.00
4579200.00       0.31
4665600.00       0.00
4752000.00       0.00
4838400.00       0.00
4924800.00       0.00
5011200.00       0.26
5097600.00       0.47
5184000.00       0.40
5270400.00       0.11
5356800.00       0.00
5443200.00       0.00
5529600.00       0.10
5616000.00       0.04
5702400.00       5.72
5788800.00       8.16
5875200.00       0.15
5961600.00       0.14
6048000.00       0.08
6134400.00       0.06
6220800.00       0.06
6307200.00       0.00
6393600.00       0.23
6480000.00       0.01
6566400.00       0.00
6652800.00       0.04
6739200.00       0.66
6825600.00       0.01
6912000.00       0.04
6998400.00       1.13
7084800.00       0.04
7171200.00       0.14
7257600.00       0.00
7344000.00       0.04
7430400.00       5.99
7516800.00       0.51
7603200.00       0.02
7689600.00       0.00
7776000.00       1.86
7862400.00       0.53
7948800.00       0.00
8035200.00       0.00
8121600.00       0.00
8208000.00       0.01
8294400.00      17.64
8380800.00       1.64
8467200.00       0.14
8553600.00       1.29
8640000.00       1.03
8726400.00       4.39
8812800.00       1.53
8899200.00       9.85
8985600.00       0.04
9072000.00       0.00
9158400.00       4.39
9244800.00       3.86
9331200.00      11.88
9417600.00       3.74
9504000.00       1.03
9590400.00       2.68
9676800.00       0.05
9763200.00       5.17
9849600.00       2.50
9936000.00       5.54
10022400.00       0.04
10108800.00       0.01
10195200.00       0.05
10281600.00       5.25
10368000.00       0.01
10454400.00       0.01
10540800.00       0.00
10627200.00       0.00
10713600.00       0.00
10800000.00       0.04
10886400.00       5.36
10972800.00       1.70
11059200.00       5.92
11145600.00       3.78
11232000.00       0.38
11318400.00       0.10
11404800.00       0.00
11491200.00       0.04
11577600.00       0.01
11664000.00       0.00
11750400.00       2.44
11836800.00       9.93
11923200.00       4.97
12009600.00       2.84
12096000.00       2.94
12182400.00       2.65
12268800.00       2.84
12355200.00       3.51
12441600.00       0.03
12528000.00       0.06
12614400.00       0.09
12700800.00       0.03
12787200.00       0.06
12873600.00       0.00
12960000.00       0.09
13046400.00       0.02
13132800.00       0.03
13219200.00       0.12
13305600.00       0.21
13392000.00       7.30
13478400.00       8.03
13564800.00       0.30
13651200.00       0.75
13737600.00       6.39
13824000.00       0.43
13910400.00       0.00
13996800.00       0.19
14083200.00       0.91
14169600.00       3.36
14256000.00       0.10
14342400.00       0.01
14428800.00       0.18
14515200.00       0.00
14601600.00       1.81
14688000.00      10.24
14774400.00       0.01
14860800.00       1.91
14947200.00       0.07
15033600.00       4.31
15120000.00       2.24
15206400.00       3.57
15292800.00      12.93
15379200.00       6.03
15465600.00       1.82
15552000.00       1.43
15638400.00       0.00
15724800.00       0.00
15811200.00       0.01
