      0.00       0.00
  86400.00       0.00
 172800.00       1.50
 259200.00       5.99
 345600.00       1.30
 432000.00      14.08
 518400.00       6.49
 604800.00      10.39
 691200.00       3.60
 777600.00       0.10
 864000.00       0.00
 950400.00       0.00
1036800.00       0.00
1123200.00       0.00
1209600.00       0.80
1296000.00       0.40
1382400.00       0.90
1468800.00       1.00
1555200.00       0.60
1641600.00       0.00
1728000.00       1.70
1814400.00       0.10
1900800.00       4.29
1987200.00       2.00
2073600.00       1.50
2160000.00       0.30
2246400.00       0.50
2332800.00       3.10
2419200.00      19.78
2505600.00       0.70
2592000.00       0.60
2678400.00       0.00
2764800.00       0.20
2851200.00       0.00
2937600.00       0.00
3024000.00       5.00
3110400.00      12.00
3196800.00       4.60
3283200.00       0.70
3369600.00       0.50
3456000.00       4.70
3542400.00       0.00
3628800.00       0.50
3715200.00       0.00
3801600.00       2.80
3888000.00       1.80
3974400.00       0.00
4060800.00       0.00
4147200.00       0.00
4233600.00       0.50
4320000.00       1.20
4406400.00       3.60
4492800.00       2.20
4579200.00       2.90
4665600.00       0.00
4752000.00       0.00
4838400.00       0.00
4924800.00       0.00
5011200.00       0.00
5097600.00       0.20
5184000.00       2.80
5270400.00       7.17
5356800.00       5.08
5443200.00       5.68
5529600.00      10.06
5616000.00       1.40
5702400.00       1.40
5788800.00       6.08
5875200.00       1.99
5961600.00       0.40
6048000.00       1.89
6134400.00       1.99
6220800.00       1.10
6307200.00       0.00
6393600.00       0.00
6480000.00       0.00
6566400.00       0.00
6652800.00       0.00
6739200.00       0.20
6825600.00       6.38
6912000.00       1.00
6998400.00       0.00
7084800.00       0.00
7171200.00       0.00
7257600.00       0.00
7344000.00       0.00
7430400.00       0.00
7516800.00       0.00
7603200.00       0.00
7689600.00       0.00
7776000.00       1.49
7862400.00       3.39
7948800.00       3.09
8035200.00       2.69
8121600.00       0.00
8208000.00       0.00
8294400.00       0.00
8380800.00       3.09
8467200.00       0.00
8553600.00       8.28
8640000.00       0.00
8726400.00       0.00
8812800.00       0.00
8899200.00       7.98
8985600.00       4.19
9072000.00       1.20
9158400.00       0.00
9244800.00       0.00
9331200.00       1.89
9417600.00       0.70
9504000.00       0.10
9590400.00       0.00
9676800.00       1.60
9763200.00       1.10
9849600.00       0.00
9936000.00       0.00
10022400.00       0.00
10108800.00       0.00
10195200.00       0.00
10281600.00       0.00
10368000.00       0.00
10454400.00       0.00
10540800.00       0.00
10627200.00       1.80
10713600.00       5.70
10800000.00       0.00
10886400.00       1.70
10972800.00       0.60
11059200.00       0.10
11145600.00       0.00
11232000.00       0.00
11318400.00       0.00
11404800.00       4.40
11491200.00       0.00
11577600.00       0.00
11664000.00       0.00
11750400.00       0.00
11836800.00       0.00
11923200.00       0.30
12009600.00       0.00
12096000.00       0.00
12182400.00       0.00
12268800.00       0.00
12355200.00       0.00
12441600.00       0.00
12528000.00       0.00
12614400.00       0.00
12700800.00       0.00
12787200.00       0.00
12873600.00       0.00
12960000.00       0.00
13046400.00       0.00
13132800.00       0.00
13219200.00       3.90
13305600.00       6.21
13392000.00       1.40
13478400.00       4.71
13564800.00       1.00
13651200.00      17.22
13737600.00       2.90
13824000.00      14.22
13910400.00       4.91
13996800.00       0.80
14083200.00       0.20
14169600.00       0.00
14256000.00       0.10
14342400.00       0.20
14428800.00      10.81
14515200.00       2.00
14601600.00       1.20
14688000.00      10.01
14774400.00       4.71
14860800.00       0.00
14947200.00       0.00
15033600.00       0.00
15120000.00       0.00
15206400.00       0.00
15292800.00       0.00
15379200.00       0.00
15465600.00       0.00
15552000.00       0.00
15638400.00       0.20
15724800.00       0.20
15811200.00       0.00
