      0.00       1.20
  86400.00       0.30
 172800.00       8.60
 259200.00       7.00
 345600.00       0.00
 432000.00       0.50
 518400.00       0.00
 604800.00       1.70
 691200.00       0.00
 777600.00       3.70
 864000.00       5.90
 950400.00       4.30
1036800.00       0.70
1123200.00       0.10
1209600.00       0.00
1296000.00       0.00
1382400.00       0.60
1468800.00       1.00
1555200.00       0.10
1641600.00       0.00
1728000.00       0.60
1814400.00       4.50
1900800.00       1.20
1987200.00       1.40
2073600.00       0.00
2160000.00       0.00
2246400.00       0.10
2332800.00       3.40
2419200.00       1.50
2505600.00       1.40
2592000.00       1.20
2678400.00       0.40
2764800.00       0.70
2851200.00       1.80
2937600.00       3.91
3024000.00       8.41
3110400.00       0.60
3196800.00       2.10
3283200.00       0.70
3369600.00       2.10
3456000.00       1.90
3542400.00       3.30
3628800.00       7.31
3715200.00       0.10
3801600.00       1.00
3888000.00       0.10
3974400.00       0.40
4060800.00       3.10
4147200.00       0.50
4233600.00       0.80
4320000.00       6.51
4406400.00       0.60
4492800.00       1.50
4579200.00       0.40
4665600.00       6.11
4752000.00       9.01
4838400.00       1.60
4924800.00       0.20
5011200.00       1.80
5097600.00       0.00
5184000.00       0.40
5270400.00       0.20
5356800.00       0.00
5443200.00       0.00
5529600.00       0.00
5616000.00       0.00
5702400.00       0.90
5788800.00       0.40
5875200.00       0.00
5961600.00       4.60
6048000.00       3.80
6134400.00       2.50
6220800.00       1.10
6307200.00       0.00
6393600.00       4.40
6480000.00       4.00
6566400.00       0.00
6652800.00       0.00
6739200.00       0.00
6825600.00       0.00
6912000.00       0.10
6998400.00       0.50
7084800.00       0.00
7171200.00       0.00
7257600.00       0.00
7344000.00       0.00
7430400.00       0.00
7516800.00       0.00
7603200.00       0.70
7689600.00       0.00
7776000.00       0.00
7862400.00       0.00
7948800.00       0.00
8035200.00       0.00
8121600.00       0.00
8208000.00       0.00
8294400.00       0.00
8380800.00       0.00
8467200.00       0.00
8553600.00       0.60
8640000.00       0.50
8726400.00       0.20
8812800.00       5.10
8899200.00       0.10
8985600.00       0.00
9072000.00       0.00
9158400.00       0.00
9244800.00       0.40
9331200.00       2.90
9417600.00       0.40
9504000.00       0.00
9590400.00       0.00
9676800.00       0.00
9763200.00       4.70
9849600.00       6.70
9936000.00       0.50
10022400.00       0.00
10108800.00       0.20
10195200.00       0.50
10281600.00       0.00
10368000.00       0.60
10454400.00       7.70
10540800.00       0.60
10627200.00       0.50
10713600.00       0.00
10800000.00       0.40
10886400.00       0.00
10972800.00       0.00
11059200.00       7.47
11145600.00       5.08
11232000.00       0.30
11318400.00       1.10
11404800.00       0.00
11491200.00       0.00
11577600.00       7.37
11664000.00       4.98
11750400.00       0.10
11836800.00       0.00
11923200.00       0.00
12009600.00       7.47
12096000.00       3.29
12182400.00       0.10
12268800.00       0.00
12355200.00       0.60
12441600.00       0.50
12528000.00       6.87
12614400.00       2.69
12700800.00       1.39
12787200.00       1.00
12873600.00       2.89
12960000.00       0.00
13046400.00       0.00
13132800.00       0.00
13219200.00       0.00
13305600.00       0.00
13392000.00       0.00
13478400.00       0.00
13564800.00       9.63
13651200.00       6.02
13737600.00       1.61
13824000.00       0.50
13910400.00       1.00
13996800.00       2.31
14083200.00       0.00
14169600.00       0.00
14256000.00       0.60
14342400.00       0.00
14428800.00       2.41
14515200.00       0.00
14601600.00       0.00
14688000.00      16.05
14774400.00      13.34
14860800.00       2.81
14947200.00       4.41
15033600.00       1.10
15120000.00       0.00
15206400.00       0.00
15292800.00       0.00
15379200.00       0.00
15465600.00       0.00
15552000.00       0.00
15638400.00       0.00
15724800.00       0.40
15811200.00       0.00
