      0.00       0.90
  86400.00       0.00
 172800.00       7.21
 259200.00       0.00
 345600.00       0.00
 432000.00       5.00
 518400.00       0.00
 604800.00       5.81
 691200.00       3.80
 777600.00       3.70
 864000.00       0.70
 950400.00       1.60
1036800.00      14.51
1123200.00       0.90
1209600.00       2.30
1296000.00       9.21
1382400.00       1.40
1468800.00       3.60
1555200.00       2.00
1641600.00       4.20
1728000.00       3.40
1814400.00       0.50
1900800.00       0.00
1987200.00      13.51
2073600.00       2.00
2160000.00       4.90
2246400.00       8.91
2332800.00       5.81
2419200.00       3.20
2505600.00       0.30
2592000.00       0.30
2678400.00       1.90
2764800.00       3.20
2851200.00       0.20
2937600.00       0.40
3024000.00       0.70
3110400.00       0.70
3196800.00      20.30
3283200.00       5.00
3369600.00       0.90
3456000.00       6.40
3542400.00       1.00
3628800.00       3.80
3715200.00       0.00
3801600.00       0.00
3888000.00       0.00
3974400.00       0.00
4060800.00       0.00
4147200.00       0.00
4233600.00       1.00
4320000.00       0.30
4406400.00       0.10
4492800.00       6.00
4579200.00       7.60
4665600.00       3.00
4752000.00       3.70
4838400.00       0.30
4924800.00       3.20
5011200.00       0.30
5097600.00       0.30
5184000.00       0.30
5270400.00      13.77
5356800.00       0.40
5443200.00       0.80
5529600.00       0.50
5616000.00       0.30
5702400.00       0.00
5788800.00       0.00
5875200.00       0.00
5961600.00       0.00
6048000.00      16.37
6134400.00       0.50
6220800.00       0.00
6307200.00       0.00
6393600.00       0.00
6480000.00       0.00
6566400.00       2.30
6652800.00       0.60
6739200.00       0.40
6825600.00       0.60
6912000.00      17.97
6998400.00       7.39
7084800.00       5.99
7171200.00       1.60
7257600.00       2.40
7344000.00       8.08
7430400.00       6.69
7516800.00       1.10
7603200.00       8.18
7689600.00       1.10
7776000.00       7.39
7862400.00       0.00
7948800.00       3.01
8035200.00       0.00
8121600.00       0.10
8208000.00       0.00
8294400.00       0.00
8380800.00       1.90
8467200.00       5.81
8553600.00       0.90
8640000.00       0.00
8726400.00       3.41
8812800.00       0.10
8899200.00       7.02
8985600.00       5.01
9072000.00       2.81
9158400.00       2.31
9244800.00       0.00
9331200.00       0.00
9417600.00       0.00
9504000.00       0.00
9590400.00       0.00
9676800.00       1.00
9763200.00       0.00
9849600.00       1.30
9936000.00       8.92
10022400.00       0.70
10108800.00       0.20
10195200.00       0.00
10281600.00       0.00
10368000.00       0.00
10454400.00       0.00
10540800.00       0.00
10627200.00       0.00
10713600.00       0.00
10800000.00       0.00
10886400.00       0.00
10972800.00       0.00
11059200.00       0.00
11145600.00       0.30
11232000.00       0.00
11318400.00       0.00
11404800.00       0.00
11491200.00       0.00
11577600.00       0.00
11664000.00       0.00
11750400.00       0.00
11836800.00       0.00
11923200.00       0.00
12009600.00       0.40
12096000.00       0.00
12182400.00       0.00
12268800.00       0.00
12355200.00       0.00
12441600.00       0.20
12528000.00       1.00
12614400.00       0.00
12700800.00       0.00
12787200.00       0.00
12873600.00      17.50
12960000.00       1.70
13046400.00       4.70
13132800.00       5.90
13219200.00       0.20
13305600.00       1.40
13392000.00       1.80
13478400.00       0.00
13564800.00       0.00
13651200.00       0.50
13737600.00       3.69
13824000.00      18.77
13910400.00       2.00
13996800.00       1.10
14083200.00       0.40
14169600.00       0.00
14256000.00       3.59
14342400.00       0.00
14428800.00       0.00
14515200.00      10.78
14601600.00       1.30
14688000.00       0.10
14774400.00       0.00
14860800.00       1.70
14947200.00       0.00
15033600.00       0.70
15120000.00       5.19
15206400.00       1.30
15292800.00       1.50
15379200.00       0.00
15465600.00       0.10
15552000.00       0.00
15638400.00       0.00
15724800.00       0.00
15811200.00       0.00
