      0.00       4.95
  86400.00      13.98
 172800.00       0.06
 259200.00      17.16
 345600.00       1.57
 432000.00       2.08
 518400.00       0.28
 604800.00      12.90
 691200.00       4.05
 777600.00       7.99
 864000.00       3.08
 950400.00       8.17
1036800.00       3.89
1123200.00       0.09
1209600.00       0.78
1296000.00       1.50
1382400.00      20.96
1468800.00       1.34
1555200.00       5.90
1641600.00       0.25
1728000.00       1.88
1814400.00       0.12
1900800.00       2.68
1987200.00       0.15
2073600.00       0.09
2160000.00       0.69
2246400.00       0.42
2332800.00       0.58
2419200.00       0.14
2505600.00       0.22
2592000.00       0.22
2678400.00       0.63
2764800.00       0.10
2851200.00       0.75
2937600.00       1.88
3024000.00      12.23
3110400.00       0.22
3196800.00       4.50
3283200.00      12.11
3369600.00       0.17
3456000.00       0.27
3542400.00       0.19
3628800.00       4.19
3715200.00       5.59
3801600.00       9.21
3888000.00       0.30
3974400.00       0.18
4060800.00       0.04
4147200.00       0.00
4233600.00       0.00
4320000.00       0.03
4406400.00       2.42
4492800.00       0.07
4579200.00       0.04
4665600.00       0.07
4752000.00       0.05
4838400.00       0.02
4924800.00       0.07
5011200.00       0.10
5097600.00       0.02
5184000.00       0.05
5270400.00       0.04
5356800.00       1.20
5443200.00       0.03
5529600.00       0.04
5616000.00       0.16
5702400.00       0.13
5788800.00       0.11
5875200.00       0.02
5961600.00       0.00
6048000.00       0.01
6134400.00       0.27
6220800.00       0.02
6307200.00       0.02
6393600.00       0.03
6480000.00       0.13
6566400.00       0.24
6652800.00       0.32
6739200.00       0.46
6825600.00       8.67
6912000.00       0.13
6998400.00       1.26
7084800.00       0.19
7171200.00       0.18
7257600.00       0.49
7344000.00       0.22
7430400.00      14.55
7516800.00       4.24
7603200.00       1.81
7689600.00       0.47
7776000.00       0.17
7862400.00       0.27
7948800.00       1.75
8035200.00       0.02
8121600.00       0.10
8208000.00       0.01
8294400.00       0.02
8380800.00       1.22
8467200.00       0.04
8553600.00       0.02
8640000.00       0.16
8726400.00       0.49
8812800.00       0.03
8899200.00       0.00
8985600.00       0.00
9072000.00       0.00
9158400.00       0.00
9244800.00       0.03
9331200.00       0.09
9417600.00       0.44
9504000.00       1.55
9590400.00       0.50
9676800.00       0.21
9763200.00       0.07
9849600.00       0.81
9936000.00       4.85
10022400.00       4.98
10108800.00       2.35
10195200.00       0.52
10281600.00       0.75
10368000.00       1.70
10454400.00       0.21
10540800.00       0.14
10627200.00       0.13
10713600.00       0.17
10800000.00       0.00
10886400.00       0.00
10972800.00       0.04
11059200.00       0.14
11145600.00       0.37
11232000.00       0.09
11318400.00       0.17
11404800.00       0.02
11491200.00       0.03
11577600.00       0.00
11664000.00       0.06
11750400.00       0.04
11836800.00       0.02
11923200.00       0.06
12009600.00       0.57
12096000.00       8.01
12182400.00       1.10
12268800.00       0.13
12355200.00       0.02
12441600.00       0.01
12528000.00       0.00
12614400.00       0.00
12700800.00       0.00
12787200.00       0.01
12873600.00       0.00
12960000.00       0.02
13046400.00       0.07
13132800.00       0.01
13219200.00       0.03
13305600.00       0.01
13392000.00       0.00
13478400.00       0.03
13564800.00       0.00
13651200.00       0.01
13737600.00       0.00
13824000.00       0.00
13910400.00       1.34
13996800.00       0.48
14083200.00       0.00
14169600.00       0.00
14256000.00       0.00
14342400.00       0.02
14428800.00       0.01
14515200.00       0.02
14601600.00       0.03
14688000.00       0.00
14774400.00       0.00
14860800.00       0.03
14947200.00       1.30
15033600.00       0.09
15120000.00       0.01
15206400.00       0.02
15292800.00       0.02
15379200.00       0.01
15465600.00       0.00
15552000.00       0.01
15638400.00       0.00
15724800.00       0.24
15811200.00       0.11
15897600.00       0.00
15984000.00       0.00
