      0.00       0.50
  86400.00       0.00
 172800.00       0.00
 259200.00       0.60
 345600.00       0.00
 432000.00       0.00
 518400.00       4.33
 604800.00      15.00
 691200.00       7.85
 777600.00       2.82
 864000.00       0.40
 950400.00       5.44
1036800.00       0.40
1123200.00       0.00
1209600.00       0.00
1296000.00       0.00
1382400.00       0.20
1468800.00       0.00
1555200.00       0.00
1641600.00       0.00
1728000.00       0.00
1814400.00       0.00
1900800.00       0.00
1987200.00       0.00
2073600.00       1.61
2160000.00       4.43
2246400.00       1.01
2332800.00       0.00
2419200.00       0.00
2505600.00       0.40
2592000.00       0.00
2678400.00       3.61
2764800.00       4.41
2851200.00       0.00
2937600.00       0.00
3024000.00       0.10
3110400.00       2.70
3196800.00       0.90
3283200.00       0.80
3369600.00      14.13
3456000.00       8.82
3542400.00       4.51
3628800.00       2.70
3715200.00       0.20
3801600.00       0.00
3888000.00       0.00
3974400.00       0.00
4060800.00       0.00
4147200.00       0.00
4233600.00       0.00
4320000.00       1.60
4406400.00       0.00
4492800.00       0.40
4579200.00       0.00
4665600.00       9.42
4752000.00       0.50
4838400.00       0.10
4924800.00       0.00
5011200.00       0.00
5097600.00       0.00
5184000.00       0.00
5270400.00       1.20
5356800.00       0.00
5443200.00      10.11
5529600.00       8.41
5616000.00       7.51
5702400.00       1.40
5788800.00       2.30
5875200.00       0.40
5961600.00       0.00
6048000.00       0.00
6134400.00       0.00
6220800.00       0.90
6307200.00       3.10
6393600.00      19.62
6480000.00       1.30
6566400.00       1.30
6652800.00       1.60
6739200.00       0.10
6825600.00       2.30
6912000.00       2.10
6998400.00       5.81
7084800.00       2.30
7171200.00       7.41
7257600.00       4.10
7344000.00       5.30
7430400.00       5.51
7516800.00       6.21
7603200.00       1.10
7689600.00       2.10
7776000.00       5.30
7862400.00       0.10
7948800.00       0.10
8035200.00       0.30
8121600.00       0.00
8208000.00       0.00
8294400.00       0.00
8380800.00       0.00
8467200.00       0.00
8553600.00       0.80
8640000.00       0.00
8726400.00       0.00
8812800.00       0.00
8899200.00       0.00
8985600.00       0.00
9072000.00       0.00
9158400.00       0.00
9244800.00       0.00
9331200.00       0.00
9417600.00       0.00
9504000.00       0.90
9590400.00       0.00
9676800.00       0.00
9763200.00       0.00
9849600.00      10.90
9936000.00       3.70
10022400.00      27.10
10108800.00       0.80
10195200.00       0.70
10281600.00       0.00
10368000.00       0.00
10454400.00       0.00
10540800.00       0.00
10627200.00       0.10
10713600.00       0.00
10800000.00       0.00
10886400.00       0.00
10972800.00       0.00
11059200.00       1.40
11145600.00       0.00
11232000.00       0.00
11318400.00       0.00
11404800.00       0.00
11491200.00       0.00
11577600.00       1.30
11664000.00       0.00
11750400.00       0.40
11836800.00       0.00
11923200.00       2.69
12009600.00       1.20
12096000.00       1.50
12182400.00       0.00
12268800.00       0.00
12355200.00      26.34
12441600.00       0.00
12528000.00       0.50
12614400.00       0.10
12700800.00       0.00
12787200.00       4.39
12873600.00       0.50
12960000.00       5.99
13046400.00       0.70
13132800.00       0.10
13219200.00       7.73
13305600.00       3.01
13392000.00       1.51
13478400.00       0.00
13564800.00       1.10
13651200.00       0.00
13737600.00       0.30
13824000.00       0.80
13910400.00       0.40
13996800.00       2.51
14083200.00       1.20
14169600.00       0.00
14256000.00       7.33
14342400.00       1.31
14428800.00       8.13
14515200.00       2.11
14601600.00       0.10
14688000.00       8.03
14774400.00       3.21
14860800.00       0.00
14947200.00       0.00
15033600.00       0.00
15120000.00       0.00
15206400.00       0.00
15292800.00       0.00
15379200.00       0.00
15465600.00       0.00
15552000.00       0.00
15638400.00       0.00
15724800.00       0.00
15811200.00       1.31
