      0.00       9.78
  86400.00       0.37
 172800.00       2.35
 259200.00       1.41
 345600.00       0.04
 432000.00       4.56
 518400.00       8.91
 604800.00       1.04
 691200.00       0.29
 777600.00       2.11
 864000.00       0.06
 950400.00       2.16
1036800.00       6.75
1123200.00       3.43
1209600.00       0.21
1296000.00       6.74
1382400.00       4.28
1468800.00       0.17
1555200.00       0.39
1641600.00       0.05
1728000.00       0.09
1814400.00       5.46
1900800.00       3.67
1987200.00       3.02
2073600.00       2.90
2160000.00       3.58
2246400.00       0.95
2332800.00       0.14
2419200.00       1.21
2505600.00       0.45
2592000.00       0.02
2678400.00       0.01
2764800.00       0.43
2851200.00       3.99
2937600.00       2.35
3024000.00       0.07
3110400.00       1.00
3196800.00       0.78
3283200.00       0.13
3369600.00       1.30
3456000.00       0.47
3542400.00      10.66
3628800.00       1.83
3715200.00      18.62
3801600.00       0.29
3888000.00       7.25
3974400.00       0.14
4060800.00       3.63
4147200.00       0.99
4233600.00       0.88
4320000.00       1.93
4406400.00       1.44
4492800.00       1.21
4579200.00       0.40
4665600.00       1.53
4752000.00       0.36
4838400.00       1.06
4924800.00       6.37
5011200.00       5.95
5097600.00       3.21
5184000.00       0.18
5270400.00       0.08
5356800.00       0.00
5443200.00       1.03
5529600.00       1.49
5616000.00       0.26
5702400.00       0.12
5788800.00       0.12
5875200.00       0.96
5961600.00       4.31
6048000.00       0.15
6134400.00       0.18
6220800.00       0.17
6307200.00       0.08
6393600.00       0.04
6480000.00       0.08
6566400.00       0.02
6652800.00       0.00
6739200.00       0.06
6825600.00       2.41
6912000.00       0.07
6998400.00       0.28
7084800.00       0.17
7171200.00       5.24
7257600.00       2.13
7344000.00       0.68
7430400.00       1.23
7516800.00       3.28
7603200.00      19.38
7689600.00      13.16
7776000.00       3.77
7862400.00       1.82
7948800.00       7.96
8035200.00       1.48
8121600.00       1.27
8208000.00       1.34
8294400.00       0.04
8380800.00       0.97
8467200.00       0.78
8553600.00       0.28
8640000.00       0.14
8726400.00       0.73
8812800.00       0.18
8899200.00       0.06
8985600.00       0.43
9072000.00       4.25
9158400.00       2.87
9244800.00       4.51
9331200.00       0.33
9417600.00       1.58
9504000.00       3.89
9590400.00       2.17
9676800.00      11.29
9763200.00       0.17
9849600.00       0.65
9936000.00       0.41
10022400.00       2.11
10108800.00       2.25
10195200.00       0.14
10281600.00       2.28
10368000.00       0.07
10454400.00       0.86
10540800.00       0.03
10627200.00       0.07
10713600.00       0.48
10800000.00       0.08
10886400.00       0.04
10972800.00       2.05
11059200.00       5.06
11145600.00       3.19
11232000.00       0.80
11318400.00       0.04
11404800.00       0.46
11491200.00       0.02
11577600.00       1.06
11664000.00       0.30
11750400.00       0.05
11836800.00       0.00
11923200.00       0.00
12009600.00       0.00
12096000.00       0.33
12182400.00       0.16
12268800.00       0.49
12355200.00       4.48
12441600.00       0.67
12528000.00       0.09
12614400.00       0.68
12700800.00       0.04
12787200.00       1.11
12873600.00       0.02
12960000.00       0.00
13046400.00       0.00
13132800.00       0.15
13219200.00       0.13
13305600.00       0.27
13392000.00       0.33
13478400.00       0.10
13564800.00       0.39
13651200.00       0.63
13737600.00       0.13
13824000.00       0.20
13910400.00       0.01
13996800.00       0.08
14083200.00       0.12
14169600.00       0.70
14256000.00       0.78
14342400.00       0.07
14428800.00       0.93
14515200.00       0.52
14601600.00       3.17
14688000.00       0.01
14774400.00       0.00
14860800.00       0.36
14947200.00       0.49
15033600.00       3.44
15120000.00       2.52
15206400.00       1.47
15292800.00       0.09
15379200.00       0.78
15465600.00       0.07
15552000.00       0.03
15638400.00       0.52
15724800.00       9.06
15811200.00      14.92
15897600.00       0.83
15984000.00       0.02
