      0.00       0.05
  86400.00       0.06
 172800.00       0.00
 259200.00       0.03
 345600.00       0.01
 432000.00       0.04
 518400.00       0.10
 604800.00       0.19
 691200.00       6.61
 777600.00       1.63
 864000.00       0.05
 950400.00       1.60
1036800.00       3.95
1123200.00       9.18
1209600.00       1.69
1296000.00       0.15
1382400.00       0.16
1468800.00       0.34
1555200.00       0.50
1641600.00       0.13
1728000.00       0.27
1814400.00       0.23
1900800.00       0.03
1987200.00       0.05
2073600.00       0.04
2160000.00       0.00
2246400.00       0.02
2332800.00       0.02
2419200.00       0.00
2505600.00       0.00
2592000.00       0.00
2678400.00       0.00
2764800.00       0.00
2851200.00       0.00
2937600.00       0.24
3024000.00       2.82
3110400.00       0.27
3196800.00       3.81
3283200.00       0.12
3369600.00       0.12
3456000.00       0.25
3542400.00       0.12
3628800.00       0.02
3715200.00       0.01
3801600.00       0.07
3888000.00       6.67
3974400.00       0.58
4060800.00       5.10
4147200.00       0.79
4233600.00       0.34
4320000.00       5.80
4406400.00       0.20
4492800.00       4.50
4579200.00       1.06
4665600.00       0.87
4752000.00       0.03
4838400.00       0.01
4924800.00       0.13
5011200.00       0.00
5097600.00       0.16
5184000.00       0.06
5270400.00       0.08
5356800.00       4.99
5443200.00       4.97
5529600.00       1.02
5616000.00       0.47
5702400.00      12.00
5788800.00      13.40
5875200.00       8.74
5961600.00       7.67
6048000.00       0.20
6134400.00       0.21
6220800.00       0.19
6307200.00       0.07
6393600.00       0.05
6480000.00       0.22
6566400.00       0.27
6652800.00       0.22
6739200.00       2.73
6825600.00       1.82
6912000.00       6.89
6998400.00       0.63
7084800.00       0.08
7171200.00       2.99
7257600.00       9.55
7344000.00       0.77
7430400.00       0.81
7516800.00       2.75
7603200.00       0.75
7689600.00       1.37
7776000.00       0.17
7862400.00      12.54
7948800.00       1.68
8035200.00       1.98
8121600.00      25.85
8208000.00       0.06
8294400.00       0.01
8380800.00       0.00
8467200.00       0.48
8553600.00       2.11
8640000.00       0.01
8726400.00       0.05
8812800.00       0.00
8899200.00       0.16
8985600.00       0.12
9072000.00       4.08
9158400.00       8.37
9244800.00       1.27
9331200.00       0.03
9417600.00       0.49
9504000.00       4.85
9590400.00       0.19
9676800.00       0.05
9763200.00       0.12
9849600.00       0.28
9936000.00       0.00
10022400.00       0.10
10108800.00       1.41
10195200.00       0.66
10281600.00       0.25
10368000.00       2.43
10454400.00       3.56
10540800.00       0.94
10627200.00       0.42
10713600.00      11.73
10800000.00       4.84
10886400.00       0.25
10972800.00       0.01
11059200.00       0.01
11145600.00       0.38
11232000.00       0.71
11318400.00       0.00
11404800.00       1.80
11491200.00       0.85
11577600.00       0.02
11664000.00       0.03
11750400.00       0.01
11836800.00       0.03
11923200.00       0.03
12009600.00       0.00
12096000.00       0.00
12182400.00       0.00
12268800.00       0.00
12355200.00       0.00
12441600.00       0.02
12528000.00       0.12
12614400.00       0.06
12700800.00       0.03
12787200.00       0.13
12873600.00       2.95
12960000.00       9.72
13046400.00       0.56
13132800.00       0.19
13219200.00       0.04
13305600.00       0.37
13392000.00       0.00
13478400.00       0.00
13564800.00       0.00
13651200.00       0.36
13737600.00       4.61
13824000.00       0.12
13910400.00       1.12
13996800.00       1.19
14083200.00       1.50
14169600.00       0.08
14256000.00       0.19
14342400.00       0.05
14428800.00       0.62
14515200.00       0.02
14601600.00       0.00
14688000.00       0.22
14774400.00       0.01
14860800.00       0.00
14947200.00       0.00
15033600.00       0.14
15120000.00       2.77
15206400.00       1.72
15292800.00       1.88
15379200.00       0.23
15465600.00       0.03
15552000.00       0.98
15638400.00       0.04
15724800.00       0.01
15811200.00       0.02
15897600.00       0.00
15984000.00       0.04
