      0.00       2.04
  86400.00       1.99
 172800.00       1.42
 259200.00       0.23
 345600.00       0.39
 432000.00       0.03
 518400.00       4.43
 604800.00       0.40
 691200.00       0.02
 777600.00       1.10
 864000.00       0.70
 950400.00       0.16
1036800.00       5.78
1123200.00      19.76
1209600.00       0.26
1296000.00       9.66
1382400.00       1.53
1468800.00       0.09
1555200.00       0.10
1641600.00       0.10
1728000.00       2.42
1814400.00       6.39
1900800.00       1.42
1987200.00       1.11
2073600.00       0.99
2160000.00       0.09
2246400.00       0.13
2332800.00       0.03
2419200.00       0.04
2505600.00       0.01
2592000.00       0.01
2678400.00       0.08
2764800.00       0.17
2851200.00       0.07
2937600.00       0.02
3024000.00       1.55
3110400.00       0.55
3196800.00       0.17
3283200.00       0.34
3369600.00       0.08
3456000.00       0.06
3542400.00       0.33
3628800.00       2.35
3715200.00       0.11
3801600.00       0.20
3888000.00       4.74
3974400.00       0.02
4060800.00       0.00
4147200.00       0.01
4233600.00       0.00
4320000.00       0.00
4406400.00       0.01
4492800.00       0.13
4579200.00       0.14
4665600.00       0.08
4752000.00       0.05
4838400.00       0.16
4924800.00       0.08
5011200.00       0.06
5097600.00       0.05
5184000.00       0.03
5270400.00       8.12
5356800.00       1.08
5443200.00       0.03
5529600.00       1.48
5616000.00       0.55
5702400.00       3.27
5788800.00       0.06
5875200.00       0.00
5961600.00       0.00
6048000.00       0.00
6134400.00       0.08
6220800.00       0.04
6307200.00       0.02
6393600.00       0.40
6480000.00       4.78
6566400.00       0.08
6652800.00       0.01
6739200.00       0.01
6825600.00       0.79
6912000.00       3.79
6998400.00       1.44
7084800.00       1.84
7171200.00       0.80
7257600.00       0.65
7344000.00       0.18
7430400.00       0.00
7516800.00       0.00
7603200.00       0.00
7689600.00       0.00
7776000.00       0.70
7862400.00       0.68
7948800.00      13.03
8035200.00       0.19
8121600.00       0.05
8208000.00       0.15
8294400.00       0.08
8380800.00       0.05
8467200.00       4.17
8553600.00       1.01
8640000.00       3.86
8726400.00       0.69
8812800.00       7.81
8899200.00       0.39
8985600.00       2.41
9072000.00      10.05
9158400.00      23.17
9244800.00       5.50
9331200.00      27.93
9417600.00       3.22
9504000.00       5.51
9590400.00       0.32
9676800.00       0.01
9763200.00       2.49
9849600.00       0.57
9936000.00      15.14
10022400.00       1.80
10108800.00       2.19
10195200.00       0.03
10281600.00      11.56
10368000.00       0.55
10454400.00       1.13
10540800.00       0.39
10627200.00       0.06
10713600.00       0.04
10800000.00       0.15
10886400.00       0.03
10972800.00       0.01
11059200.00       0.00
11145600.00       0.05
11232000.00       0.14
11318400.00       0.02
11404800.00       0.04
11491200.00       0.00
11577600.00       0.04
11664000.00       1.18
11750400.00      46.44
11836800.00      15.70
11923200.00       8.45
12009600.00       0.37
12096000.00       1.03
12182400.00       1.55
12268800.00       0.12
12355200.00       8.57
12441600.00       0.45
12528000.00       0.03
12614400.00       0.52
12700800.00       3.19
12787200.00       0.06
12873600.00       0.09
12960000.00       0.15
13046400.00       0.04
13132800.00       0.07
13219200.00       0.07
13305600.00       0.07
13392000.00       0.07
13478400.00       0.11
13564800.00       0.17
13651200.00       0.01
13737600.00       0.00
13824000.00       0.04
13910400.00       5.94
13996800.00       0.09
14083200.00       0.17
14169600.00       0.44
14256000.00       0.19
14342400.00       0.54
14428800.00       0.01
14515200.00       0.01
14601600.00       0.68
14688000.00       8.15
14774400.00       5.54
14860800.00       3.18
14947200.00       5.12
15033600.00       0.38
15120000.00       0.08
15206400.00       3.61
15292800.00       1.57
15379200.00       5.22
15465600.00       4.19
15552000.00       0.19
15638400.00       0.45
15724800.00       0.25
15811200.00       0.00
15897600.00       0.46
15984000.00       0.29
