      0.00       0.60
  86400.00       3.30
 172800.00       0.30
 259200.00       5.41
 345600.00       0.10
 432000.00       7.41
 518400.00       5.31
 604800.00      19.72
 691200.00       1.10
 777600.00       0.50
 864000.00       2.70
 950400.00       1.90
1036800.00       7.81
1123200.00       0.10
1209600.00       0.70
1296000.00       0.10
1382400.00       0.10
1468800.00       0.60
1555200.00       1.90
1641600.00       0.80
1728000.00       9.61
1814400.00       0.70
1900800.00       0.00
1987200.00       0.00
2073600.00       0.00
2160000.00       9.11
2246400.00       9.11
2332800.00       0.20
2419200.00       1.30
2505600.00       1.10
2592000.00       0.10
2678400.00       3.49
2764800.00       3.69
2851200.00       2.59
2937600.00       1.60
3024000.00       2.20
3110400.00       0.00
3196800.00       3.19
3283200.00       2.30
3369600.00       0.20
3456000.00       2.00
3542400.00       0.20
3628800.00       0.00
3715200.00       1.60
3801600.00       5.49
3888000.00       1.80
3974400.00       2.00
4060800.00       1.70
4147200.00      15.67
4233600.00       0.00
4320000.00       0.00
4406400.00       0.00
4492800.00       0.00
4579200.00       0.00
4665600.00       0.00
4752000.00       0.20
4838400.00       0.00
4924800.00       0.30
5011200.00       0.20
5097600.00       0.40
5184000.00       0.70
5270400.00       0.00
5356800.00       3.30
5443200.00       0.00
5529600.00       0.00
5616000.00       0.00
5702400.00       0.00
5788800.00       6.80
5875200.00       2.50
5961600.00       1.00
6048000.00       0.00
6134400.00       0.00
6220800.00       5.90
6307200.00       2.20
6393600.00       0.50
6480000.00       4.10
6566400.00      20.50
6652800.00       8.50
6739200.00       0.00
6825600.00       0.00
6912000.00       0.00
6998400.00       0.00
7084800.00       0.00
7171200.00       0.00
7257600.00       0.80
7344000.00       0.30
7430400.00       0.00
7516800.00       0.00
7603200.00       0.00
7689600.00       0.10
7776000.00       0.00
7862400.00       0.00
7948800.00       1.00
8035200.00       5.10
8121600.00       0.20
8208000.00       0.00
8294400.00       0.00
8380800.00       0.00
8467200.00       0.00
8553600.00       0.00
8640000.00       0.00
8726400.00       0.00
8812800.00       0.00
8899200.00       0.00
8985600.00       0.00
9072000.00       0.10
9158400.00       2.30
9244800.00       3.00
9331200.00       0.60
9417600.00       0.00
9504000.00       0.00
9590400.00       0.00
9676800.00       0.00
9763200.00       0.00
9849600.00       3.40
9936000.00       0.00
10022400.00       0.00
10108800.00       0.00
10195200.00       0.00
10281600.00       0.00
10368000.00       0.00
10454400.00       0.00
10540800.00       0.00
10627200.00       0.00
10713600.00       0.00
10800000.00       0.40
10886400.00       0.00
10972800.00       0.00
11059200.00      12.14
11145600.00       0.00
11232000.00       0.80
11318400.00       1.50
11404800.00       0.30
11491200.00       3.61
11577600.00       0.00
11664000.00       0.20
11750400.00       1.71
11836800.00       1.00
11923200.00       1.10
12009600.00       3.81
12096000.00       1.81
12182400.00       0.60
12268800.00       0.20
12355200.00       0.40
12441600.00       0.70
12528000.00       1.10
12614400.00       0.00
12700800.00       0.00
12787200.00       0.00
12873600.00       0.00
12960000.00       0.00
13046400.00       0.00
13132800.00       0.30
13219200.00       0.00
13305600.00       0.00
13392000.00       0.00
13478400.00       1.11
13564800.00       2.11
13651200.00       0.00
13737600.00       0.00
13824000.00       4.53
13910400.00       0.00
13996800.00       0.30
14083200.00       0.00
14169600.00       0.00
14256000.00       0.00
14342400.00       4.02
14428800.00       6.34
14515200.00       1.81
14601600.00       1.71
14688000.00       4.23
14774400.00       1.31
14860800.00       0.80
14947200.00       2.11
15033600.00       0.20
15120000.00       1.21
15206400.00       0.10
15292800.00       0.00
15379200.00       0.00
15465600.00       0.00
15552000.00       0.00
15638400.00       0.00
15724800.00       0.91
15811200.00       0.00
