      0.00       4.91
  86400.00       4.09
 172800.00       4.52
 259200.00       0.35
 345600.00       0.83
 432000.00       0.51
 518400.00       0.12
 604800.00      15.82
 691200.00       4.18
 777600.00       0.23
 864000.00       0.07
 950400.00       0.09
1036800.00       0.04
1123200.00       0.00
1209600.00       0.35
1296000.00       0.04
1382400.00       0.08
1468800.00       0.03
1555200.00       0.11
1641600.00       0.01
1728000.00       0.05
1814400.00       0.00
1900800.00       0.00
1987200.00       9.06
2073600.00       0.05
2160000.00       6.76
2246400.00      20.22
2332800.00       1.39
2419200.00       5.57
2505600.00       0.04
2592000.00       0.14
2678400.00       0.00
2764800.00       2.89
2851200.00       3.18
2937600.00       0.87
3024000.00       0.42
3110400.00       1.15
3196800.00       2.90
3283200.00       1.85
3369600.00       1.43
3456000.00       3.81
3542400.00       6.83
3628800.00       0.28
3715200.00       0.61
3801600.00       5.19
3888000.00      10.43
3974400.00       0.84
4060800.00       0.00
4147200.00       0.00
4233600.00       0.03
4320000.00       0.00
4406400.00       0.03
4492800.00       4.39
4579200.00       0.91
4665600.00       0.24
4752000.00       2.40
4838400.00       0.39
4924800.00       0.73
5011200.00       2.87
5097600.00       0.69
5184000.00       0.26
5270400.00       0.22
5356800.00       0.90
5443200.00       0.00
5529600.00       0.00
5616000.00       0.00
5702400.00       0.00
5788800.00       0.04
5875200.00       0.00
5961600.00       4.17
6048000.00      14.08
6134400.00       4.19
6220800.00       0.01
6307200.00       0.00
6393600.00       0.00
6480000.00       0.00
6566400.00       0.00
6652800.00       1.19
6739200.00       7.15
6825600.00       0.13
6912000.00       0.60
6998400.00       2.99
7084800.00       2.64
7171200.00       0.97
7257600.00       0.04
7344000.00       0.11
7430400.00       0.54
7516800.00       3.12
7603200.00       0.59
7689600.00       0.00
7776000.00      10.20
7862400.00       7.41
7948800.00       2.57
8035200.00       0.04
8121600.00       0.02
8208000.00       0.00
8294400.00       0.01
8380800.00       0.00
8467200.00      10.42
8553600.00       2.50
8640000.00       0.00
8726400.00       0.44
8812800.00       2.75
8899200.00       7.00
8985600.00       2.89
9072000.00       3.23
9158400.00       2.34
9244800.00       5.36
9331200.00       6.85
9417600.00       0.00
9504000.00      10.07
9590400.00       5.27
9676800.00       0.37
9763200.00      26.22
9849600.00       5.95
9936000.00       0.53
10022400.00       9.12
10108800.00       1.85
10195200.00       0.00
10281600.00       3.69
10368000.00       3.93
10454400.00       1.01
10540800.00       0.70
10627200.00       2.25
10713600.00       0.03
10800000.00       0.06
10886400.00       0.00
10972800.00       0.00
11059200.00       0.00
11145600.00       0.00
11232000.00       0.20
11318400.00       0.38
11404800.00       1.94
11491200.00       8.91
11577600.00       1.59
11664000.00       0.00
11750400.00       0.04
11836800.00       0.00
11923200.00       0.01
12009600.00       0.00
12096000.00       0.00
12182400.00       0.00
12268800.00       0.22
12355200.00       0.07
12441600.00       0.00
12528000.00       0.15
12614400.00       0.00
12700800.00       0.77
12787200.00       1.27
12873600.00       1.31
12960000.00       0.51
13046400.00       1.16
13132800.00       0.00
13219200.00      16.40
13305600.00       1.85
13392000.00       0.01
13478400.00       0.05
13564800.00       0.00
13651200.00       0.03
13737600.00       0.00
13824000.00       0.06
13910400.00       0.11
13996800.00       0.10
14083200.00       0.00
14169600.00       0.00
14256000.00       0.00
14342400.00       0.00
14428800.00       0.00
14515200.00       0.00
14601600.00       0.35
14688000.00       0.37
14774400.00       4.55
14860800.00       1.94
14947200.00       1.23
15033600.00       0.04
15120000.00       0.00
15206400.00       0.84
15292800.00       0.69
15379200.00       0.00
15465600.00       0.14
15552000.00       2.22
15638400.00       0.00
15724800.00       0.01
15811200.00       0.05
