      0.00      10.81
  86400.00      11.01
 172800.00       0.50
 259200.00       0.10
 345600.00       4.50
 432000.00       2.50
 518400.00       6.40
 604800.00       3.60
 691200.00      16.11
 777600.00      10.21
 864000.00       1.00
 950400.00       3.90
1036800.00       5.40
1123200.00       1.60
1209600.00       1.40
1296000.00       1.30
1382400.00       0.80
1468800.00       0.00
1555200.00       0.10
1641600.00       0.50
1728000.00       6.50
1814400.00       4.00
1900800.00       4.80
1987200.00       4.60
2073600.00       4.20
2160000.00       0.10
2246400.00       0.10
2332800.00       0.70
2419200.00       7.11
2505600.00      10.11
2592000.00       7.21
2678400.00       0.10
2764800.00       0.00
2851200.00       0.00
2937600.00       0.00
3024000.00       0.10
3110400.00       0.00
3196800.00       0.10
3283200.00       0.20
3369600.00       0.00
3456000.00       6.21
3542400.00       0.20
3628800.00       0.00
3715200.00       2.10
3801600.00       2.91
3888000.00       0.00
3974400.00       0.00
4060800.00       0.00
4147200.00       0.00
4233600.00       0.00
4320000.00       0.00
4406400.00       0.00
4492800.00       1.50
4579200.00       0.00
4665600.00       4.11
4752000.00      13.93
4838400.00      10.82
4924800.00       0.60
5011200.00       0.50
5097600.00       0.00
5184000.00       0.10
5270400.00       0.20
5356800.00       0.00
5443200.00       5.79
5529600.00       0.50
5616000.00       3.40
5702400.00       0.20
5788800.00       2.70
5875200.00       0.70
5961600.00       5.29
6048000.00       2.40
6134400.00       0.00
6220800.00       0.00
6307200.00       0.10
6393600.00       0.00
6480000.00       8.49
6566400.00       2.10
6652800.00       3.20
6739200.00       2.80
6825600.00       5.09
6912000.00       0.90
6998400.00       3.90
7084800.00       7.29
7171200.00       3.10
7257600.00       9.39
7344000.00       8.09
7430400.00       1.80
7516800.00       2.80
7603200.00       0.50
7689600.00       0.30
7776000.00       1.00
7862400.00       0.10
7948800.00      15.79
8035200.00       0.00
8121600.00       0.00
8208000.00       1.41
8294400.00       0.20
8380800.00       2.21
8467200.00       2.92
8553600.00       0.40
8640000.00       0.40
8726400.00       6.03
8812800.00       0.80
8899200.00       0.00
8985600.00       0.00
9072000.00       0.00
9158400.00       0.00
9244800.00       0.00
9331200.00       0.00
9417600.00       0.00
9504000.00       0.20
9590400.00       0.30
9676800.00       0.00
9763200.00       0.00
9849600.00       2.31
9936000.00       0.80
10022400.00       0.00
10108800.00       1.01
10195200.00       0.00
10281600.00       0.00
10368000.00       0.00
10454400.00       0.00
10540800.00       0.00
10627200.00       0.10
10713600.00       1.00
10800000.00       0.00
10886400.00       0.40
10972800.00       0.00
11059200.00       0.00
11145600.00       0.90
11232000.00       0.80
11318400.00       0.00
11404800.00       0.30
11491200.00       0.00
11577600.00       0.00
11664000.00       0.00
11750400.00       0.20
11836800.00       0.70
11923200.00       0.50
12009600.00       0.10
12096000.00       0.10
12182400.00       0.00
12268800.00       3.40
12355200.00       7.00
12441600.00       7.90
12528000.00       0.60
12614400.00       0.20
12700800.00       0.00
12787200.00       0.00
12873600.00       0.00
12960000.00       0.00
13046400.00       0.50
13132800.00      17.20
13219200.00       0.60
13305600.00       0.00
13392000.00       0.00
13478400.00       0.00
13564800.00      14.27
13651200.00      21.75
13737600.00       0.60
13824000.00       0.80
13910400.00       0.60
13996800.00       0.00
14083200.00       0.00
14169600.00       0.00
14256000.00       0.00
14342400.00       0.00
14428800.00       0.00
14515200.00       0.00
14601600.00       0.00
14688000.00       0.00
14774400.00       3.99
14860800.00       0.40
14947200.00       0.10
15033600.00       0.70
15120000.00       0.00
15206400.00       0.00
15292800.00       0.00
15379200.00       0.00
15465600.00       0.00
15552000.00       0.00
15638400.00       0.00
15724800.00       0.00
15811200.00       0.00
