      0.00       0.57
  86400.00       0.50
 172800.00       0.07
 259200.00      32.78
 345600.00       1.11
 432000.00       0.09
 518400.00       0.12
 604800.00       0.03
 691200.00       0.02
 777600.00       5.45
 864000.00       1.33
 950400.00      10.47
1036800.00       9.52
1123200.00       3.09
1209600.00       0.68
1296000.00       4.09
1382400.00       0.79
1468800.00       0.09
1555200.00       3.57
1641600.00       1.32
1728000.00       0.28
1814400.00       0.85
1900800.00       1.43
1987200.00      14.76
2073600.00      12.76
2160000.00       1.51
2246400.00       0.10
2332800.00       2.16
2419200.00       0.59
2505600.00       0.76
2592000.00       0.14
2678400.00       0.66
2764800.00       6.35
2851200.00       1.64
2937600.00       0.13
3024000.00       1.60
3110400.00       5.57
3196800.00       0.40
3283200.00       9.49
3369600.00       3.65
3456000.00       1.15
3542400.00       0.70
3628800.00       3.42
3715200.00       0.84
3801600.00       0.02
3888000.00       2.24
3974400.00       2.28
4060800.00       0.16
4147200.00       3.12
4233600.00       0.14
4320000.00       0.00
4406400.00       0.00
4492800.00       0.00
4579200.00       0.00
4665600.00       0.15
4752000.00       0.14
4838400.00       0.06
4924800.00       0.01
5011200.00       0.01
5097600.00       0.00
5184000.00       0.00
5270400.00       0.02
5356800.00       0.02
5443200.00       0.44
5529600.00       0.27
5616000.00       4.14
5702400.00       7.63
5788800.00       0.70
5875200.00       2.86
5961600.00       2.81
6048000.00       0.03
6134400.00       2.30
6220800.00       0.99
6307200.00      10.21
6393600.00       2.59
6480000.00       0.10
6566400.00       0.12
6652800.00       7.66
6739200.00       9.10
6825600.00       0.30
6912000.00      30.45
6998400.00       0.26
7084800.00       0.29
7171200.00       7.41
7257600.00       1.40
7344000.00       5.60
7430400.00       1.55
7516800.00       4.63
7603200.00       0.96
7689600.00       3.25
7776000.00       1.44
7862400.00       0.31
7948800.00       4.69
8035200.00       7.14
8121600.00       0.38
8208000.00       0.03
8294400.00       0.00
8380800.00       0.06
8467200.00       0.17
8553600.00       2.48
8640000.00       0.07
8726400.00       1.83
8812800.00       0.09
8899200.00       0.93
8985600.00       0.04
9072000.00       0.20
9158400.00       0.65
9244800.00       0.04
9331200.00       0.02
9417600.00       0.14
9504000.00       0.22
9590400.00       0.00
9676800.00       0.06
9763200.00       0.01
9849600.00       0.13
9936000.00       2.87
10022400.00       1.97
10108800.00       0.03
10195200.00       0.03
10281600.00       0.09
10368000.00       0.02
10454400.00       0.24
10540800.00       0.44
10627200.00       0.05
10713600.00       2.12
10800000.00       0.43
10886400.00       0.08
10972800.00       1.86
11059200.00       2.83
11145600.00       0.40
11232000.00       0.42
11318400.00       0.22
11404800.00       0.00
11491200.00       0.22
11577600.00       0.23
11664000.00       0.53
11750400.00       0.08
11836800.00       0.01
11923200.00       0.48
12009600.00       0.11
12096000.00       0.09
12182400.00       0.00
12268800.00       0.00
12355200.00       0.00
12441600.00       0.02
12528000.00       0.12
12614400.00       0.03
12700800.00       0.08
12787200.00       0.02
12873600.00       0.00
12960000.00       0.38
13046400.00       0.12
13132800.00       0.53
13219200.00       0.01
13305600.00       0.20
13392000.00       0.00
13478400.00       0.10
13564800.00       2.18
13651200.00       1.45
13737600.00       0.05
13824000.00       0.07
13910400.00       0.27
13996800.00       0.07
14083200.00       0.21
14169600.00       0.13
14256000.00       0.92
14342400.00       0.98
14428800.00       0.04
14515200.00       0.05
14601600.00       5.68
14688000.00       0.08
14774400.00       0.01
14860800.00       7.20
14947200.00       0.31
15033600.00       0.75
15120000.00       2.62
15206400.00      12.48
15292800.00       0.06
15379200.00       0.04
15465600.00       0.05
15552000.00       0.05
15638400.00       0.30
15724800.00       3.45
15811200.00       0.07
15897600.00       0.03
15984000.00       0.05
