      0.00       1.49
  86400.00       1.39
 172800.00       4.68
 259200.00       0.20
 345600.00       0.00
 432000.00       1.79
 518400.00       0.00
 604800.00       0.00
 691200.00       0.00
 777600.00       0.30
 864000.00       0.00
 950400.00       0.00
1036800.00       0.40
1123200.00       0.60
1209600.00       2.39
1296000.00       1.59
1382400.00       0.10
1468800.00       0.00
1555200.00       0.00
1641600.00       2.19
1728000.00       5.08
1814400.00       2.19
1900800.00       1.10
1987200.00       1.10
2073600.00       1.79
2160000.00       8.17
2246400.00       0.50
2332800.00       0.10
2419200.00       3.09
2505600.00       3.09
2592000.00       4.98
2678400.00       1.79
2764800.00       0.10
2851200.00       0.50
2937600.00       1.09
3024000.00       1.89
3110400.00       1.39
3196800.00       6.86
3283200.00       0.70
3369600.00       0.40
3456000.00       5.07
3542400.00       6.76
3628800.00       1.59
3715200.00       1.29
3801600.00       0.00
3888000.00       0.00
3974400.00       0.00
4060800.00       0.00
4147200.00       0.00
4233600.00       0.00
4320000.00       3.48
4406400.00       0.20
4492800.00       0.10
4579200.00       0.00
4665600.00       0.00
4752000.00       0.10
4838400.00       0.10
4924800.00       0.40
5011200.00       3.28
5097600.00       1.29
5184000.00       0.00
5270400.00       0.10
5356800.00       0.00
5443200.00       0.00
5529600.00       0.00
5616000.00       0.20
5702400.00       0.00
5788800.00       0.00
5875200.00       0.00
5961600.00       0.00
6048000.00       0.00
6134400.00       0.00
6220800.00       4.19
6307200.00       0.20
6393600.00      22.92
6480000.00       0.00
6566400.00       0.00
6652800.00       0.00
6739200.00       0.60
6825600.00       0.30
6912000.00       7.08
6998400.00       4.19
7084800.00       2.29
7171200.00       0.00
7257600.00       2.29
7344000.00       2.09
7430400.00       8.67
7516800.00       3.09
7603200.00       0.00
7689600.00       0.00
7776000.00       0.00
7862400.00       0.00
7948800.00       0.00
8035200.00       0.00
8121600.00       1.29
8208000.00       9.45
8294400.00       8.45
8380800.00      12.13
8467200.00       1.59
8553600.00       2.29
8640000.00       2.68
8726400.00       0.10
8812800.00       7.16
8899200.00       0.30
8985600.00       1.29
9072000.00       0.40
9158400.00       0.00
9244800.00       0.00
9331200.00       0.40
9417600.00       0.20
9504000.00       3.18
9590400.00       9.35
9676800.00       5.07
9763200.00       5.07
9849600.00       5.77
9936000.00       5.47
10022400.00       4.28
10108800.00       1.29
10195200.00       0.00
10281600.00       0.89
10368000.00       0.00
10454400.00       1.19
10540800.00       0.00
10627200.00       0.00
10713600.00       0.00
10800000.00       0.00
10886400.00       0.40
10972800.00       0.00
11059200.00       0.00
11145600.00       0.00
11232000.00       0.00
11318400.00       0.00
11404800.00       0.00
11491200.00       0.00
11577600.00       5.98
11664000.00       0.50
11750400.00       2.99
11836800.00       0.30
11923200.00       1.10
12009600.00       1.49
12096000.00       6.48
12182400.00       2.99
12268800.00       3.39
12355200.00       0.30
12441600.00       0.00
12528000.00       0.00
12614400.00       0.10
12700800.00       4.78
12787200.00       6.67
12873600.00       9.07
12960000.00       3.19
13046400.00       1.79
13132800.00       0.80
13219200.00       0.10
13305600.00       4.48
13392000.00       2.69
13478400.00      23.69
13564800.00       1.00
13651200.00       0.60
13737600.00       2.49
13824000.00       5.97
13910400.00       7.37
13996800.00       0.50
14083200.00       2.29
14169600.00       3.48
14256000.00       0.40
14342400.00       2.49
14428800.00       1.89
14515200.00       2.39
14601600.00       0.40
14688000.00       2.99
14774400.00       2.19
14860800.00       1.59
14947200.00       5.77
15033600.00       0.00
15120000.00      11.55
15206400.00       0.40
15292800.00       1.79
15379200.00       0.00
15465600.00       0.00
15552000.00       0.00
15638400.00       0.00
15724800.00       0.00
15811200.00       1.00
