      0.00       0.50
  86400.00       0.00
 172800.00       0.00
 259200.00       0.00
 345600.00       0.20
 432000.00       0.20
 518400.00       1.40
 604800.00       2.70
 691200.00       0.00
 777600.00       0.10
 864000.00       0.00
 950400.00       3.00
1036800.00       0.10
1123200.00       0.00
1209600.00       0.00
1296000.00       0.00
1382400.00       0.00
1468800.00       0.00
1555200.00       0.00
1641600.00       0.00
1728000.00       0.00
1814400.00       0.00
1900800.00       0.00
1987200.00       2.60
2073600.00       4.30
2160000.00       1.30
2246400.00       5.60
2332800.00       9.10
2419200.00       0.30
2505600.00       4.60
2592000.00       2.60
2678400.00       0.00
2764800.00       0.00
2851200.00       0.30
2937600.00       7.87
3024000.00       8.47
3110400.00       0.00
3196800.00       0.10
3283200.00       0.00
3369600.00       0.20
3456000.00       0.00
3542400.00       0.20
3628800.00       0.00
3715200.00       0.10
3801600.00       0.00
3888000.00       0.40
3974400.00       0.00
4060800.00       0.20
4147200.00       0.00
4233600.00       0.00
4320000.00       0.00
4406400.00       0.00
4492800.00       0.00
4579200.00       0.00
4665600.00       2.39
4752000.00       3.39
4838400.00       2.49
4924800.00       0.20
5011200.00       0.00
5097600.00       0.00
5184000.00       0.00
5270400.00       0.00
5356800.00       0.00
5443200.00       0.00
5529600.00       1.20
5616000.00       1.10
5702400.00       3.60
5788800.00       0.20
5875200.00       1.20
5961600.00       1.00
6048000.00       0.10
6134400.00       0.30
6220800.00       1.20
6307200.00       2.60
6393600.00       0.40
6480000.00      11.00
6566400.00       0.10
6652800.00       0.20
6739200.00       0.00
6825600.00       0.00
6912000.00       0.10
6998400.00       0.10
7084800.00       4.20
7171200.00       0.20
7257600.00       0.60
7344000.00      12.40
7430400.00       3.00
7516800.00       0.90
7603200.00       1.20
7689600.00      16.00
7776000.00       0.30
7862400.00       1.30
7948800.00       2.10
8035200.00      23.08
8121600.00       0.10
8208000.00       0.00
8294400.00       0.00
8380800.00       2.70
8467200.00       0.90
8553600.00       0.00
8640000.00       4.80
8726400.00       3.70
8812800.00       2.60
8899200.00       2.40
8985600.00       0.00
9072000.00       0.00
9158400.00       0.00
9244800.00       0.20
9331200.00       0.70
9417600.00       0.00
9504000.00       7.59
9590400.00       1.60
9676800.00       4.30
9763200.00       5.89
9849600.00       1.10
9936000.00       1.10
10022400.00       5.39
10108800.00      25.48
10195200.00       3.40
10281600.00       0.20
10368000.00       0.00
10454400.00       2.60
10540800.00       5.11
10627200.00       1.50
10713600.00       1.20
10800000.00       0.20
10886400.00       0.40
10972800.00       0.00
11059200.00       0.00
11145600.00       0.00
11232000.00       0.00
11318400.00       0.00
11404800.00       0.30
11491200.00       2.10
11577600.00       0.90
11664000.00       0.00
11750400.00       0.50
11836800.00      11.72
11923200.00       0.00
12009600.00       0.00
12096000.00       1.30
12182400.00       1.60
12268800.00       1.90
12355200.00       4.31
12441600.00       0.30
12528000.00       0.00
12614400.00       9.12
12700800.00       1.40
12787200.00       6.91
12873600.00       1.10
12960000.00       0.10
13046400.00       0.60
13132800.00       1.60
13219200.00       1.50
13305600.00       0.80
13392000.00       0.60
13478400.00       1.20
13564800.00       2.50
13651200.00       6.10
13737600.00       1.00
13824000.00       3.50
13910400.00       0.20
13996800.00       0.40
14083200.00       0.60
14169600.00       6.20
14256000.00       3.60
14342400.00       0.50
14428800.00       0.80
14515200.00       0.00
14601600.00       0.00
14688000.00      10.20
14774400.00       1.80
14860800.00       6.50
14947200.00       3.40
15033600.00       5.80
15120000.00       2.20
15206400.00      12.60
15292800.00       0.50
15379200.00       0.00
15465600.00       0.40
15552000.00      12.00
15638400.00       0.30
15724800.00       0.00
15811200.00       0.10
