      0.00       0.55
  86400.00       0.18
 172800.00       0.06
 259200.00       0.28
 345600.00       0.12
 432000.00       0.00
 518400.00       0.80
 604800.00       0.60
 691200.00       0.02
 777600.00       1.40
 864000.00       3.88
 950400.00       0.94
1036800.00       6.60
1123200.00       5.98
1209600.00       1.99
1296000.00       1.53
1382400.00       0.82
1468800.00       0.02
1555200.00       0.00
1641600.00       0.01
1728000.00       0.20
1814400.00       3.96
1900800.00       9.35
1987200.00       8.88
2073600.00       7.82
2160000.00       0.70
2246400.00       1.00
2332800.00       5.43
2419200.00       0.50
2505600.00       0.28
2592000.00       2.09
2678400.00       0.09
2764800.00       0.14
2851200.00       0.12
2937600.00       0.21
3024000.00       0.22
3110400.00       0.06
3196800.00       0.10
3283200.00       0.07
3369600.00       0.06
3456000.00       0.07
3542400.00       0.15
3628800.00       0.22
3715200.00       0.98
3801600.00       0.99
3888000.00       5.25
3974400.00       2.56
4060800.00      12.28
4147200.00       1.25
4233600.00       3.10
4320000.00       9.51
4406400.00       2.16
4492800.00       0.38
4579200.00       0.04
4665600.00       0.00
4752000.00       0.00
4838400.00       0.01
4924800.00       0.01
5011200.00       0.01
5097600.00       0.02
5184000.00       0.15
5270400.00       2.89
5356800.00       6.76
5443200.00      10.64
5529600.00       6.21
5616000.00      16.07
5702400.00       0.63
5788800.00       5.13
5875200.00       2.10
5961600.00       0.20
6048000.00       0.17
6134400.00       0.37
6220800.00       1.16
6307200.00       1.82
6393600.00       0.00
6480000.00       0.00
6566400.00       0.01
6652800.00       0.08
6739200.00       0.06
6825600.00       0.04
6912000.00       0.00
6998400.00       0.00
7084800.00       0.02
7171200.00       0.21
7257600.00       0.02
7344000.00       5.36
7430400.00       1.20
7516800.00       4.64
7603200.00       0.04
7689600.00       0.02
7776000.00       0.78
7862400.00       0.57
7948800.00       0.91
8035200.00       3.13
8121600.00       7.63
8208000.00       0.25
8294400.00       0.07
8380800.00       0.78
8467200.00       0.10
8553600.00       0.04
8640000.00       1.08
8726400.00      12.35
8812800.00       0.27
8899200.00       0.49
8985600.00       0.09
9072000.00       0.92
9158400.00       0.03
9244800.00       0.04
9331200.00       1.60
9417600.00       1.00
9504000.00       1.21
9590400.00       4.29
9676800.00       2.97
9763200.00       0.57
9849600.00       1.31
9936000.00       1.18
10022400.00       1.25
10108800.00       0.39
10195200.00       0.11
10281600.00       0.42
10368000.00       1.12
10454400.00       6.08
10540800.00       1.84
10627200.00       0.02
10713600.00       2.66
10800000.00       9.42
10886400.00      11.02
10972800.00       2.69
11059200.00       9.46
11145600.00       0.17
11232000.00       0.00
11318400.00       0.03
11404800.00       0.04
11491200.00       0.04
11577600.00       0.00
11664000.00       0.00
11750400.00       0.01
11836800.00       0.00
11923200.00       0.00
12009600.00       2.04
12096000.00       0.54
12182400.00       2.51
12268800.00       0.12
12355200.00       0.06
12441600.00       0.03
12528000.00       0.44
12614400.00       0.00
12700800.00       0.10
12787200.00       0.10
12873600.00       0.03
12960000.00       0.99
13046400.00       0.05
13132800.00       4.16
13219200.00       7.54
13305600.00       0.41
13392000.00       0.08
13478400.00       1.94
13564800.00       1.97
13651200.00       0.25
13737600.00       0.85
13824000.00       0.04
13910400.00       0.02
13996800.00       0.00
14083200.00       0.00
14169600.00       0.53
14256000.00       2.75
14342400.00       0.64
14428800.00       0.26
14515200.00      13.52
14601600.00       0.25
14688000.00       0.07
14774400.00       0.05
14860800.00       0.02
14947200.00       0.02
15033600.00       0.03
15120000.00       0.06
15206400.00       0.14
15292800.00       0.33
15379200.00       0.06
15465600.00       0.00
15552000.00       0.09
15638400.00       9.37
15724800.00       0.15
15811200.00       2.47
15897600.00       5.18
15984000.00       0.46
