      0.00       0.14
  86400.00       0.03
 172800.00       0.00
 259200.00       0.09
 345600.00       0.03
 432000.00       0.01
 518400.00       0.00
 604800.00       0.00
 691200.00       0.00
 777600.00       0.01
 864000.00       0.27
 950400.00       2.22
1036800.00       0.00
1123200.00       0.36
1209600.00       0.09
1296000.00       0.01
1382400.00       0.01
1468800.00       1.17
1555200.00       6.59
1641600.00       3.18
1728000.00       0.05
1814400.00       1.08
1900800.00       1.24
1987200.00       4.37
2073600.00       6.72
2160000.00       0.55
2246400.00       1.61
2332800.00       4.51
2419200.00       9.77
2505600.00       7.09
2592000.00       0.76
2678400.00       1.75
2764800.00       6.52
2851200.00       4.44
2937600.00       0.13
3024000.00       0.00
3110400.00       0.03
3196800.00       0.37
3283200.00       0.01
3369600.00       0.03
3456000.00       0.00
3542400.00       0.00
3628800.00       0.03
3715200.00       0.00
3801600.00       0.03
3888000.00       0.00
3974400.00       0.07
4060800.00       0.03
4147200.00       0.01
4233600.00       0.05
4320000.00       0.01
4406400.00       0.00
4492800.00       0.03
4579200.00       0.00
4665600.00       1.12
4752000.00       0.86
4838400.00       0.04
4924800.00       0.00
5011200.00       0.01
5097600.00       2.86
5184000.00       1.80
5270400.00      10.41
5356800.00       8.35
5443200.00       0.24
5529600.00       0.02
5616000.00       0.01
5702400.00       0.00
5788800.00       0.70
5875200.00       1.03
5961600.00       0.11
6048000.00       0.00
6134400.00       0.17
6220800.00       0.48
6307200.00       0.04
6393600.00       0.00
6480000.00       0.04
6566400.00       5.04
6652800.00       0.66
6739200.00       0.03
6825600.00       0.00
6912000.00       0.00
6998400.00       0.08
7084800.00       0.03
7171200.00       0.00
7257600.00       0.00
7344000.00       0.00
7430400.00       4.98
7516800.00       0.36
7603200.00       0.04
7689600.00       3.54
7776000.00       0.00
7862400.00       0.20
7948800.00       4.86
8035200.00       0.04
8121600.00       0.00
8208000.00       0.03
8294400.00       4.33
8380800.00       1.16
8467200.00       7.17
8553600.00       2.05
8640000.00       0.47
8726400.00      12.10
8812800.00       0.06
8899200.00       0.00
8985600.00       2.76
9072000.00       0.20
9158400.00       0.00
9244800.00       0.00
9331200.00       0.00
9417600.00       1.48
9504000.00       0.42
9590400.00       0.00
9676800.00       0.00
9763200.00       0.00
9849600.00       0.00
9936000.00       0.00
10022400.00       0.01
10108800.00       0.00
10195200.00       0.00
10281600.00       1.25
10368000.00       0.15
10454400.00       0.03
10540800.00       0.04
10627200.00       0.52
10713600.00       0.02
10800000.00       0.01
10886400.00       0.00
10972800.00       0.00
11059200.00       0.11
11145600.00       0.03
11232000.00       0.03
11318400.00       0.09
11404800.00       3.33
11491200.00       5.28
11577600.00       0.78
11664000.00       5.02
11750400.00       2.66
11836800.00       0.86
11923200.00       0.00
12009600.00       0.00
12096000.00       0.00
12182400.00       0.20
12268800.00       0.97
12355200.00       2.28
12441600.00       0.09
12528000.00       0.10
12614400.00       0.11
12700800.00       0.37
12787200.00       1.96
12873600.00       0.04
12960000.00       0.00
13046400.00       1.69
13132800.00       0.20
13219200.00       0.19
13305600.00       0.05
13392000.00       0.19
13478400.00       5.29
13564800.00       0.00
13651200.00       2.75
13737600.00       0.97
13824000.00       0.04
13910400.00       6.13
13996800.00       3.53
14083200.00       0.00
14169600.00       1.60
14256000.00       6.94
14342400.00       5.04
14428800.00       0.06
14515200.00       0.63
14601600.00       0.93
14688000.00       0.44
14774400.00       0.26
14860800.00       0.44
14947200.00       1.23
15033600.00      27.40
15120000.00       0.75
15206400.00       0.26
15292800.00      28.91
15379200.00       9.41
15465600.00       0.24
15552000.00       0.45
15638400.00       1.51
15724800.00       0.07
15811200.00       0.04
