      0.00       1.08
  86400.00       7.99
 172800.00       0.95
 259200.00       0.07
 345600.00       1.76
 432000.00       0.58
 518400.00       0.22
 604800.00       1.60
 691200.00       0.32
 777600.00       0.28
 864000.00       0.79
 950400.00       0.23
1036800.00       3.84
1123200.00       0.13
1209600.00       0.13
1296000.00       5.57
1382400.00       0.06
1468800.00       0.09
1555200.00       4.37
1641600.00       2.13
1728000.00       1.87
1814400.00       8.53
1900800.00       0.91
1987200.00       0.03
2073600.00       0.05
2160000.00       1.75
2246400.00       3.98
2332800.00       1.33
2419200.00      13.21
2505600.00       0.41
2592000.00       1.75
2678400.00       0.94
2764800.00       0.09
2851200.00       0.16
2937600.00       0.03
3024000.00       0.50
3110400.00       0.09
3196800.00       0.02
3283200.00       0.03
3369600.00       0.03
3456000.00       0.00
3542400.00       0.01
3628800.00       0.01
3715200.00       0.02
3801600.00       6.78
3888000.00       0.40
3974400.00       2.18
4060800.00       0.07
4147200.00       0.03
4233600.00       0.09
4320000.00       0.48
4406400.00       0.22
4492800.00       0.07
4579200.00       3.02
4665600.00       2.37
4752000.00       0.22
4838400.00       0.28
4924800.00       0.04
5011200.00       0.02
5097600.00       0.00
5184000.00       0.74
5270400.00       5.01
5356800.00       4.38
5443200.00       1.01
5529600.00       1.36
5616000.00       0.11
5702400.00       0.02
5788800.00       0.01
5875200.00       0.02
5961600.00       0.09
6048000.00      11.39
6134400.00       0.59
6220800.00       1.93
6307200.00       2.87
6393600.00       6.23
6480000.00       0.21
6566400.00       0.22
6652800.00       6.55
6739200.00       8.63
6825600.00       1.53
6912000.00       0.04
6998400.00       0.04
7084800.00       0.01
7171200.00       0.00
7257600.00       0.01
7344000.00       0.23
7430400.00       0.51
7516800.00      10.77
7603200.00       3.96
7689600.00       0.44
7776000.00       0.07
7862400.00       0.00
7948800.00       0.35
8035200.00       0.08
8121600.00       0.02
8208000.00       0.04
8294400.00       0.13
8380800.00       0.02
8467200.00       0.01
8553600.00       0.11
8640000.00       0.14
8726400.00       0.07
8812800.00       0.02
8899200.00       0.07
8985600.00       0.03
9072000.00       0.01
9158400.00       0.02
9244800.00       0.19
9331200.00       0.07
9417600.00       0.00
9504000.00       0.05
9590400.00       0.02
9676800.00       0.03
9763200.00       0.05
9849600.00       0.04
9936000.00       0.00
10022400.00       0.00
10108800.00       0.00
10195200.00       0.99
10281600.00       0.67
10368000.00       1.92
10454400.00       3.32
10540800.00       2.70
10627200.00       2.62
10713600.00       2.36
10800000.00       6.83
10886400.00       0.06
10972800.00       1.59
11059200.00       1.68
11145600.00       0.02
11232000.00       0.74
11318400.00       1.31
11404800.00      10.40
11491200.00       0.10
11577600.00       0.32
11664000.00       0.15
11750400.00       0.04
11836800.00       0.03
11923200.00       0.01
12009600.00       0.04
12096000.00       0.31
12182400.00       0.00
12268800.00       0.02
12355200.00       0.05
12441600.00       0.01
12528000.00       0.00
12614400.00       0.03
12700800.00       0.00
12787200.00       0.00
12873600.00       0.00
12960000.00       0.00
13046400.00       0.04
13132800.00       2.52
13219200.00       0.02
13305600.00       0.00
13392000.00       0.57
13478400.00       0.11
13564800.00       0.34
13651200.00       2.46
13737600.00       0.02
13824000.00       0.41
13910400.00      13.92
13996800.00       0.80
14083200.00      25.61
14169600.00      10.99
14256000.00       0.21
14342400.00       0.34
14428800.00       0.23
14515200.00       1.18
14601600.00       2.05
14688000.00       0.00
14774400.00       0.02
14860800.00       0.49
14947200.00       1.93
15033600.00       0.16
15120000.00       1.08
15206400.00       0.09
15292800.00       0.07
15379200.00       0.08
15465600.00       0.05
15552000.00       0.07
15638400.00       0.03
15724800.00       0.01
15811200.00       0.13
15897600.00       0.40
15984000.00       0.10
