      0.00       0.00
  86400.00       0.00
 172800.00       0.00
 259200.00       0.00
 345600.00       0.00
 432000.00       0.00
 518400.00       0.00
 604800.00       0.00
 691200.00       0.00
 777600.00       0.00
 864000.00       0.00
 950400.00       0.00
1036800.00       0.00
1123200.00       0.00
1209600.00       0.00
1296000.00       0.00
1382400.00       0.00
1468800.00       1.10
1555200.00       0.00
1641600.00       0.00
1728000.00       0.10
1814400.00       0.10
1900800.00       0.00
1987200.00       0.00
2073600.00       0.00
2160000.00       0.10
2246400.00       0.00
2332800.00       0.00
2419200.00       0.70
2505600.00       0.10
2592000.00       0.40
2678400.00       1.00
2764800.00       2.80
2851200.00       7.90
2937600.00       9.60
3024000.00       1.30
3110400.00       0.20
3196800.00       2.50
3283200.00       0.00
3369600.00       0.30
3456000.00       7.60
3542400.00       0.10
3628800.00       1.10
3715200.00       2.10
3801600.00       0.60
3888000.00       0.00
3974400.00       0.00
4060800.00       0.00
4147200.00       0.00
4233600.00       6.50
4320000.00       7.00
4406400.00       0.50
4492800.00       5.00
4579200.00       2.90
4665600.00       0.80
4752000.00      14.80
4838400.00       0.50
4924800.00       0.10
5011200.00       0.00
5097600.00       0.00
5184000.00       0.60
5270400.00       3.02
5356800.00       5.53
5443200.00       5.33
5529600.00      17.00
5616000.00       0.20
5702400.00       1.21
5788800.00       0.20
5875200.00       0.00
5961600.00       0.00
6048000.00       0.00
6134400.00       0.00
6220800.00       0.00
6307200.00       0.00
6393600.00       0.10
6480000.00       0.00
6566400.00       0.00
6652800.00       0.00
6739200.00       0.00
6825600.00       0.00
6912000.00       0.00
6998400.00       0.00
7084800.00       0.00
7171200.00       0.00
7257600.00       0.00
7344000.00       0.00
7430400.00       0.00
7516800.00       0.60
7603200.00       0.91
7689600.00       0.10
7776000.00       0.00
7862400.00       0.30
7948800.00       2.60
8035200.00       0.00
8121600.00       0.00
8208000.00       0.00
8294400.00       0.00
8380800.00       0.00
8467200.00       2.20
8553600.00       0.60
8640000.00       0.00
8726400.00       0.30
8812800.00       0.30
8899200.00      20.10
8985600.00       0.00
9072000.00       0.00
9158400.00       0.10
9244800.00       0.00
9331200.00       0.70
9417600.00       0.00
9504000.00       0.00
9590400.00       0.00
9676800.00       0.30
9763200.00       0.00
9849600.00       0.00
9936000.00       0.00
10022400.00       0.80
10108800.00       2.60
10195200.00       0.00
10281600.00       0.00
10368000.00       0.00
10454400.00       0.00
10540800.00       1.00
10627200.00       2.59
10713600.00       0.00
10800000.00       0.00
10886400.00       0.00
10972800.00       0.00
11059200.00       1.30
11145600.00       0.00
11232000.00       0.00
11318400.00       0.00
11404800.00       3.19
11491200.00      10.08
11577600.00       2.69
11664000.00       5.89
11750400.00       8.38
11836800.00       1.70
11923200.00       0.00
12009600.00       0.00
12096000.00       0.00
12182400.00       0.00
12268800.00       0.30
12355200.00       0.00
12441600.00       0.00
12528000.00       0.00
12614400.00       0.00
12700800.00       0.00
12787200.00       4.49
12873600.00       0.00
12960000.00       0.00
13046400.00       0.00
13132800.00       0.00
13219200.00       3.11
13305600.00       0.00
13392000.00       0.20
13478400.00       5.91
13564800.00       1.10
13651200.00       1.10
13737600.00       3.71
13824000.00       1.70
13910400.00       0.00
13996800.00       7.82
14083200.00       0.20
14169600.00       1.60
14256000.00       2.81
14342400.00       0.60
14428800.00       0.40
14515200.00       0.20
14601600.00       0.10
14688000.00       0.10
14774400.00       1.00
14860800.00       0.70
14947200.00       2.91
15033600.00       0.00
15120000.00       2.61
15206400.00       3.11
15292800.00       0.40
15379200.00       0.10
15465600.00       0.00
15552000.00       0.00
15638400.00       0.00
15724800.00       0.00
15811200.00       0.00
