      0.00       1.54
  86400.00       0.35
 172800.00       3.16
 259200.00      10.92
 345600.00       0.31
 432000.00       0.26
 518400.00       1.07
 604800.00       9.01
 691200.00       3.61
 777600.00       0.04
 864000.00       0.00
 950400.00       0.18
1036800.00       0.83
1123200.00       0.24
1209600.00       0.77
1296000.00       0.20
1382400.00       0.32
1468800.00       0.10
1555200.00       0.08
1641600.00       0.29
1728000.00       0.48
1814400.00       0.06
1900800.00       0.13
1987200.00       2.90
2073600.00      12.25
2160000.00       0.90
2246400.00       1.63
2332800.00       1.83
2419200.00       0.03
2505600.00       1.67
2592000.00       0.71
2678400.00       1.97
2764800.00       3.94
2851200.00       0.13
2937600.00       0.09
3024000.00       0.09
3110400.00       0.67
3196800.00       4.10
3283200.00       0.52
3369600.00       0.08
3456000.00       0.08
3542400.00       1.12
3628800.00       4.75
3715200.00       0.77
3801600.00       0.09
3888000.00       3.36
3974400.00       0.05
4060800.00       0.03
4147200.00       0.01
4233600.00       0.01
4320000.00       0.01
4406400.00       4.25
4492800.00       1.79
4579200.00       8.04
4665600.00       5.39
4752000.00       0.45
4838400.00       0.68
4924800.00       0.32
5011200.00       5.53
5097600.00       8.38
5184000.00       4.19
5270400.00       4.72
5356800.00       0.91
5443200.00       0.91
5529600.00       0.07
5616000.00       0.05
5702400.00       0.07
5788800.00       0.01
5875200.00       0.36
5961600.00       0.18
6048000.00       0.07
6134400.00       0.02
6220800.00       0.00
6307200.00       1.04
6393600.00       1.12
6480000.00       5.35
6566400.00       0.10
6652800.00       0.15
6739200.00       0.43
6825600.00       2.16
6912000.00       0.24
6998400.00       0.32
7084800.00       0.16
7171200.00       0.24
7257600.00       0.14
7344000.00       0.08
7430400.00       0.21
7516800.00       0.49
7603200.00       1.43
7689600.00       1.35
7776000.00       1.77
7862400.00       7.93
7948800.00       8.17
8035200.00       2.76
8121600.00       1.21
8208000.00       0.10
8294400.00       0.07
8380800.00       0.37
8467200.00       0.14
8553600.00       0.10
8640000.00       0.07
8726400.00       0.01
8812800.00       0.39
8899200.00       0.02
8985600.00       0.33
9072000.00       2.77
9158400.00       0.30
9244800.00       1.54
9331200.00      17.15
9417600.00       0.74
9504000.00       0.00
9590400.00       0.02
9676800.00       0.02
9763200.00       7.21
9849600.00       1.39
9936000.00       0.09
10022400.00       0.33
10108800.00       1.39
10195200.00       0.22
10281600.00       0.04
10368000.00       2.96
10454400.00       3.67
10540800.00       0.75
10627200.00       0.03
10713600.00       2.03
10800000.00       0.04
10886400.00       0.01
10972800.00       0.02
11059200.00       0.01
11145600.00       0.17
11232000.00       0.03
11318400.00       0.03
11404800.00       0.15
11491200.00       0.01
11577600.00       0.34
11664000.00       1.97
11750400.00       1.37
11836800.00       4.06
11923200.00       0.46
12009600.00       0.12
12096000.00       9.09
12182400.00       0.67
12268800.00       0.78
12355200.00       0.08
12441600.00       1.24
12528000.00       0.43
12614400.00       0.04
12700800.00       0.01
12787200.00       0.03
12873600.00       0.08
12960000.00       0.06
13046400.00       0.00
13132800.00       0.03
13219200.00       0.00
13305600.00       0.00
13392000.00       0.49
13478400.00       0.20
13564800.00       0.08
13651200.00       0.02
13737600.00       0.01
13824000.00       2.26
13910400.00       5.98
13996800.00       9.50
14083200.00       0.51
14169600.00       0.81
14256000.00       0.26
14342400.00       0.38
14428800.00       0.15
14515200.00       0.48
14601600.00       0.00
14688000.00       0.05
14774400.00       0.02
14860800.00       0.00
14947200.00       0.06
15033600.00       0.06
15120000.00       0.42
15206400.00       0.08
15292800.00       0.01
15379200.00       0.05
15465600.00       1.82
15552000.00       0.99
15638400.00       0.07
15724800.00       0.10
15811200.00       0.03
15897600.00       0.06
15984000.00       0.23
