      0.00       0.19
  86400.00       0.04
 172800.00       0.06
 259200.00       0.14
 345600.00       0.03
 432000.00       3.43
 518400.00       3.63
 604800.00      16.40
 691200.00       0.43
 777600.00       0.40
 864000.00       0.06
 950400.00       0.10
1036800.00       0.47
1123200.00       0.93
1209600.00       7.29
1296000.00       7.41
1382400.00       7.20
1468800.00       3.21
1555200.00       0.57
1641600.00       0.06
1728000.00       5.19
1814400.00       7.81
1900800.00       3.16
1987200.00       0.09
2073600.00       0.05
2160000.00       0.00
2246400.00       0.00
2332800.00       0.00
2419200.00       0.10
2505600.00       0.12
2592000.00       0.04
2678400.00       0.01
2764800.00       0.00
2851200.00       0.11
2937600.00       0.45
3024000.00       0.30
3110400.00       0.08
3196800.00       0.00
3283200.00       2.50
3369600.00       1.04
3456000.00      11.52
3542400.00       4.83
3628800.00       3.10
3715200.00       7.30
3801600.00       0.04
3888000.00       0.11
3974400.00       0.11
4060800.00       0.03
4147200.00       2.17
4233600.00       0.61
4320000.00       0.07
4406400.00       0.07
4492800.00       0.06
4579200.00       0.06
4665600.00       0.16
4752000.00       4.19
4838400.00       1.00
4924800.00       0.86
5011200.00       0.27
5097600.00       0.01
5184000.00       0.01
5270400.00       0.03
5356800.00       0.02
5443200.00       0.06
5529600.00       0.39
5616000.00       0.05
5702400.00       0.03
5788800.00       3.55
5875200.00       0.30
5961600.00       1.29
6048000.00       2.78
6134400.00       3.01
6220800.00       1.39
6307200.00       1.02
6393600.00       9.08
6480000.00       0.97
6566400.00       0.10
6652800.00       0.01
6739200.00       0.05
6825600.00       0.89
6912000.00       0.67
6998400.00       0.16
7084800.00       0.29
7171200.00       1.92
7257600.00       6.50
7344000.00       0.00
7430400.00       0.00
7516800.00       5.26
7603200.00       8.49
7689600.00       4.05
7776000.00       0.56
7862400.00       0.00
7948800.00       0.00
8035200.00       0.00
8121600.00       0.01
8208000.00       0.01
8294400.00       0.01
8380800.00       1.48
8467200.00       0.73
8553600.00       0.00
8640000.00       0.00
8726400.00       0.19
8812800.00       0.66
8899200.00       4.08
8985600.00       0.07
9072000.00       1.79
9158400.00       2.84
9244800.00       0.47
9331200.00       0.22
9417600.00       0.22
9504000.00       0.06
9590400.00       1.28
9676800.00       3.42
9763200.00       0.77
9849600.00       0.51
9936000.00       0.01
10022400.00       0.00
10108800.00       0.13
10195200.00       2.32
10281600.00       1.19
10368000.00       0.03
10454400.00       0.03
10540800.00       0.00
10627200.00       2.87
10713600.00       0.05
10800000.00       0.01
10886400.00       0.04
10972800.00       0.04
11059200.00       0.04
11145600.00       0.01
11232000.00       0.01
11318400.00       0.00
11404800.00       0.00
11491200.00       0.00
11577600.00       0.00
11664000.00       0.03
11750400.00       0.00
11836800.00       0.00
11923200.00       0.31
12009600.00       0.00
12096000.00       0.00
12182400.00       0.00
12268800.00       0.08
12355200.00       3.73
12441600.00       0.37
12528000.00       4.60
12614400.00       0.04
12700800.00       0.05
12787200.00       8.57
12873600.00       2.60
12960000.00       4.22
13046400.00       3.95
13132800.00       0.19
13219200.00       0.59
13305600.00       2.38
13392000.00       0.64
13478400.00       0.15
13564800.00       8.61
13651200.00       0.03
13737600.00       0.01
13824000.00       1.83
13910400.00       0.17
13996800.00       0.11
14083200.00       0.03
14169600.00       0.00
14256000.00       0.06
14342400.00       0.48
14428800.00       1.27
14515200.00       1.15
14601600.00       1.05
14688000.00       0.29
14774400.00       0.01
14860800.00       0.03
14947200.00       5.13
15033600.00       1.40
15120000.00       2.51
15206400.00      22.25
15292800.00       0.21
15379200.00       0.07
15465600.00       0.03
15552000.00       0.00
15638400.00       0.02
15724800.00       0.06
15811200.00       0.00
