      0.00       5.19
  86400.00       8.28
 172800.00       3.49
 259200.00       0.70
 345600.00       0.00
 432000.00       9.37
 518400.00       5.48
 604800.00       0.20
 691200.00       1.40
 777600.00       0.00
 864000.00       0.00
 950400.00       0.00
1036800.00       2.59
1123200.00       0.00
1209600.00       0.00
1296000.00       0.00
1382400.00       1.40
1468800.00       0.10
1555200.00       9.77
1641600.00       0.90
1728000.00       3.29
1814400.00       0.30
1900800.00       0.00
1987200.00       0.00
2073600.00       1.50
2160000.00       0.00
2246400.00       0.20
2332800.00       0.90
2419200.00       3.79
2505600.00       8.38
2592000.00       5.78
2678400.00       4.35
2764800.00       1.38
2851200.00       0.99
2937600.00       0.20
3024000.00       0.79
3110400.00       0.49
3196800.00       0.00
3283200.00       0.00
3369600.00       0.00
3456000.00       0.00
3542400.00       0.00
3628800.00       0.10
3715200.00       0.00
3801600.00       0.00
3888000.00       0.00
3974400.00       0.00
4060800.00       0.00
4147200.00       0.20
4233600.00       0.00
4320000.00       0.00
4406400.00       0.00
4492800.00       0.00
4579200.00       0.10
4665600.00       0.10
4752000.00       0.00
4838400.00       0.00
4924800.00       0.00
5011200.00       0.00
5097600.00       0.00
5184000.00       0.20
5270400.00       7.09
5356800.00       9.09
5443200.00       4.89
5529600.00       1.30
5616000.00       2.10
5702400.00       1.00
5788800.00       0.00
5875200.00       0.00
5961600.00       0.00
6048000.00       0.00
6134400.00       0.00
6220800.00       0.30
6307200.00       3.89
6393600.00       3.29
6480000.00       0.20
6566400.00       0.00
6652800.00       0.00
6739200.00       0.00
6825600.00       0.00
6912000.00       0.60
6998400.00       1.50
7084800.00       0.80
7171200.00       0.50
7257600.00       0.00
7344000.00       1.10
7430400.00       6.19
7516800.00       4.99
7603200.00      10.58
7689600.00       2.40
7776000.00       0.50
7862400.00       0.00
7948800.00       0.00
8035200.00       0.00
8121600.00       0.00
8208000.00       0.00
8294400.00      13.87
8380800.00       4.99
8467200.00      11.87
8553600.00       5.09
8640000.00       8.48
8726400.00       3.39
8812800.00       4.29
8899200.00      23.65
8985600.00       7.38
9072000.00       0.00
9158400.00       0.80
9244800.00       1.70
9331200.00       0.10
9417600.00       0.10
9504000.00       0.00
9590400.00       0.10
9676800.00       0.20
9763200.00       0.00
9849600.00       0.00
9936000.00       1.50
10022400.00       1.70
10108800.00       0.00
10195200.00       1.30
10281600.00       0.40
10368000.00       0.00
10454400.00       0.90
10540800.00       2.00
10627200.00       0.30
10713600.00       1.70
10800000.00       2.50
10886400.00       3.60
10972800.00       1.50
11059200.00       0.60
11145600.00       2.00
11232000.00       2.60
11318400.00       0.00
11404800.00       0.00
11491200.00       0.00
11577600.00       1.10
11664000.00       0.20
11750400.00       1.20
11836800.00      13.32
11923200.00       6.21
12009600.00       0.00
12096000.00       0.00
12182400.00       0.00
12268800.00       0.00
12355200.00       0.00
12441600.00       0.40
12528000.00       1.20
12614400.00      29.94
12700800.00       3.10
12787200.00       2.40
12873600.00       1.80
12960000.00       0.10
13046400.00       0.00
13132800.00       0.00
13219200.00       0.70
13305600.00       0.10
13392000.00       0.00
13478400.00       1.70
13564800.00       8.20
13651200.00       6.40
13737600.00       5.10
13824000.00       3.50
13910400.00      14.10
13996800.00       1.70
14083200.00       4.60
14169600.00       7.20
14256000.00       0.90
14342400.00       0.10
14428800.00       0.90
14515200.00       0.00
14601600.00       7.00
14688000.00       0.40
14774400.00       1.80
14860800.00       2.10
14947200.00       2.00
15033600.00       0.90
15120000.00       6.30
15206400.00       1.10
15292800.00       0.00
15379200.00       0.00
15465600.00       0.00
15552000.00       0.00
15638400.00       0.00
15724800.00       0.00
15811200.00       0.00
