0	0.97
86400	1.45
172800	0.28
259200	1.98
345600	2.13
432000	0.48
518400	0.66
604800	5.14
691200	1.97
777600	1.78
864000	9.01
950400	0.5
1036800	0.65
1123200	11.96
1209600	0.65
1296000	3.41
1382400	1.5
1468800	1.07
1555200	0.43
1641600	1.19
1728000	1.08
1814400	0.55
1900800	2.05
1987200	0.21
2073600	0.78
2160000	2.51
2246400	0.83
2332800	1.06
2419200	0.22
2505600	0.73
2592000	0.69
2678400	1.14
2764800	0.38
2851200	1.01
2937600	7.75
3024000	7.23
3110400	3.72
3196800	0.21
3283200	0.24
3369600	1.05
3456000	1.08
3542400	7.95
3628800	0.57
3715200	0.72
3801600	2.36
3888000	3.34
3974400	3.19
4060800	1.21
4147200	0.58
4233600	0.3
4320000	4.87
4406400	1.57
4492800	0.7
4579200	0.59
4665600	0.63
4752000	4.26
4838400	0.7
4924800	2.14
5011200	0.42
5097600	3.02
5184000	3.68
5270400	0.83
5356800	0.95
5443200	24.86
5529600	0.69
5616000	3.15
5702400	2.97
5788800	0.87
5875200	5.3
5961600	0.66
6048000	0.82
6134400	0.22
6220800	2.71
6307200	1.95
6393600	1.77
6480000	0.63
6566400	0.33
6652800	0.35
6739200	2.05
6825600	1.48
6912000	0.66
6998400	0.46
7084800	0.19
7171200	2.45
7257600	2.87
7344000	3.98
7430400	0.91
7516800	2.59
7603200	1.56
7689600	0.24
7776000	5.41
7862400	6
7948800	3.53
8035200	3.63
8121600	7.37
8208000	1.68
8294400	0.59
8380800	3.45
8467200	0.76
8553600	0.37
8640000	0.12
8726400	1.53
8812800	0.28
8899200	0.28
8985600	4.65
9072000	1.63
9158400	8.02
9244800	1.09
9331200	0.68
9417600	2.8
9504000	17.42
9590400	5.32
9676800	5.99
9763200	0.56
9849600	3.57
9936000	3.13
10022400	6.96
10108800	0.47
10195200	0.74
10281600	4.09
10368000	0.78
10454400	1.95
10540800	0.59
10627200	2.7
10713600	1.28
10800000	0.67
10886400	0.44
10972800	0.41
11059200	0.87
11145600	0.48
11232000	0.51
11318400	5.58
11404800	0.32
11491200	1.35
11577600	0.3
11664000	0.29
11750400	1.11
11836800	5.17
11923200	1.18
12009600	1.07
12096000	5.25
12182400	1.05
12268800	2.47
12355200	0.93
12441600	0.43
12528000	0.27
12614400	1.57
12700800	0.27
12787200	1.82
12873600	2.33
12960000	0.44
13046400	1.74
13132800	1.41
13219200	3.43
13305600	0.34
13392000	2.76
13478400	24.55
13564800	7.91
13651200	0.4
13737600	0.54
13824000	0.59
13910400	0.33
13996800	0.68
14083200	0.84
14169600	0.47
14256000	0.88
14342400	1.2
14428800	2.72
14515200	0.54
14601600	1.31
14688000	1.25
14774400	0.78
14860800	0.85
14947200	36.33
15033600	1.14
15120000	1.61
15206400	0.46
15292800	2.51
15379200	0.28
15465600	0.51
15552000	0.81
15638400	0.9
15724800	1.27
15811200	0.56
15897600	0.77
15984000	1.03
16070400	0.53
16156800	1.54
16243200	0.59
16329600	1.5
16416000	1.11
16502400	2.17
16588800	13.63
16675200	0.44
16761600	1.26
16848000	2.14
16934400	2.31
17020800	4.61
17107200	1.62
17193600	1.89
17280000	1.54
17366400	0.79
17452800	0.46
17539200	2.4
17625600	0.73
17712000	1.22
17798400	1.38
17884800	6.42
17971200	0.46
18057600	1.66
18144000	1.77
18230400	3.81
18316800	3.64
18403200	3.09
18489600	3.04
18576000	1.82
18662400	1.26
18748800	2.33
18835200	0.69
18921600	0.37
19008000	0.3
19094400	0.64
19180800	0.6
19267200	0.6
19353600	0.46
19440000	0.21
19526400	3.04
19612800	1.16
19699200	13.02
19785600	0.63
19872000	1.39
19958400	1.23
20044800	2.75
20131200	3.39
20217600	40
20304000	1.06
20390400	0.59
20476800	0.78
20563200	2.75
20649600	9.52
20736000	0.71
20822400	1.82
20908800	3.5
20995200	5.54
21081600	1.58
21168000	0.8
21254400	0.34
21340800	1.1
21427200	1.16
21513600	1.59
21600000	1.05
21686400	0.31
21772800	6.47
21859200	1.55
21945600	0.43
22032000	0.79
22118400	0.57
22204800	1.42
22291200	1.97
22377600	3.75
22464000	0.62
22550400	7.28
22636800	2.05
22723200	1.97
22809600	0.31
22896000	0.43
22982400	0.83
23068800	4.44
23155200	1.16
23241600	0.8
23328000	0.53
23414400	0.74
23500800	1.35
23587200	1.1
23673600	0.62
23760000	0.27
23846400	0.57
23932800	0.91
24019200	2.39
24105600	0.32
24192000	4.38
24278400	0.64
24364800	0.81
24451200	3.32
24537600	0.24
24624000	0.97
24710400	0.57
24796800	12.92
24883200	0.46
24969600	5.31
25056000	0.32
25142400	1.04
25228800	0.67
25315200	0.23
25401600	5.34
25488000	0.89
25574400	0.23
25660800	0.18
25747200	0.52
25833600	0.24
25920000	6.7
26006400	1.14
26092800	0.27
26179200	0.81
26265600	0.21
26352000	0.46
26438400	1.04
26524800	0.19
26611200	0.38
26697600	0.64
26784000	1.04
26870400	0.57
26956800	1.79
27043200	0.73
27129600	2.08
27216000	2.45
27302400	1.36
27388800	0.61
27475200	4.58
27561600	2.19
27648000	1.12
27734400	0.86
27820800	1.03
27907200	0.49
27993600	1.13
28080000	2.23
28166400	0.61
28252800	2.24
28339200	2.35
28425600	1.33
28512000	1.75
28598400	1.01
28684800	1.97
28771200	2.23
28857600	0.59
28944000	2.14
29030400	0.83
29116800	2.08
29203200	3.56
29289600	0.85
29376000	2.13
29462400	2.1
29548800	1.02
29635200	40
29721600	2.15
29808000	0.24
29894400	3.06
29980800	3.89
30067200	0.41
30153600	2.96
30240000	0.43
30326400	1.46
30412800	1.03
30499200	1.27
30585600	1.84
30672000	0.28
30758400	0.98
30844800	1.13
30931200	0.51
31017600	1.06
31104000	0.49
31190400	0.64
31276800	5.9
31363200	1.02
31449600	3.27
31536000	0.24
31622400	6.88
31708800	0.8
31795200	2.22
31881600	0.64
31968000	0.39
32054400	1.7
32140800	0.16
32227200	1.51
32313600	0.87
32400000	1.13
32486400	0.69
32572800	2.01
32659200	4.05
32745600	17.89
32832000	1.64
32918400	2.68
33004800	0.5
33091200	1.21
33177600	0.88
33264000	2.22
33350400	0.49
33436800	0.79
33523200	2.99
33609600	1.06
33696000	1.14
33782400	0.54
33868800	0.86
33955200	1.89
34041600	1.06
34128000	0.76
34214400	0.29
34300800	2.68
34387200	1.12
34473600	0.17
34560000	1.9
34646400	1.16
34732800	1.53
34819200	1.15
34905600	0.77
34992000	40
35078400	1.04
35164800	0.78
35251200	0.27
35337600	0.86
35424000	3.22
35510400	0.32
35596800	1.33
35683200	3.01
35769600	0.71
35856000	0.59
35942400	4.57
36028800	0.48
36115200	0.56
36201600	3.21
36288000	0.17
36374400	1.64
36460800	3.59
36547200	1.05
36633600	1.75
36720000	1.99
36806400	2.38
36892800	0.49
36979200	3.24
37065600	0.41
37152000	1
37238400	1.84
37324800	0.32
37411200	0.66
37497600	4.68
37584000	2.73
37670400	16.41
37756800	3.79
37843200	0.66
37929600	0.59
38016000	0.48
38102400	0.88
38188800	1.32
38275200	0.7
38361600	0.76
38448000	0.69
38534400	1.01
38620800	5.27
38707200	1.54
38793600	1.51
38880000	0.85
38966400	1.18
39052800	0.23
39139200	2.69
39225600	0.55
39312000	0.88
39398400	4.02
39484800	5.6
39571200	6.61
39657600	0.82
39744000	0.11
39830400	2.89
39916800	0.93
40003200	0.29
40089600	1.27
40176000	0.14
40262400	1.64
40348800	0.54
40435200	0.17
40521600	0.34
40608000	0.57
40694400	1.14
40780800	0.4
40867200	0.86
40953600	0.62
41040000	5.33
41126400	0.64
41212800	1.44
41299200	5.96
41385600	0.56
41472000	0.24
41558400	0.43
41644800	0.96
41731200	1.28
41817600	2.15
41904000	0.38
41990400	22.49
42076800	0.67
42163200	3.77
42249600	0.78
42336000	0.57
42422400	0.46
42508800	1.61
42595200	3.02
42681600	6.52
42768000	1.53
42854400	2.32
42940800	1.72
43027200	0.34
43113600	0.69
43200000	3.1
43286400	0.94
43372800	1.39
43459200	1.07
43545600	1.39
43632000	0.36
43718400	0.4
43804800	1.01
43891200	12.7
43977600	1.04
44064000	0.76
44150400	0.63
44236800	1.34
44323200	11.93
44409600	1.95
44496000	3.02
44582400	0.9
44668800	0.55
44755200	1.95
44841600	1.73
44928000	1.74
45014400	0.32
45100800	0.38
45187200	0.31
45273600	5.72
45360000	2.04
45446400	0.48
45532800	0.81
45619200	5.86
45705600	0.87
45792000	0.87
45878400	0.73
45964800	1.14
46051200	1.09
46137600	0.59
46224000	1.2
46310400	1.13
46396800	1.77
46483200	10.98
46569600	0.29
46656000	0.31
46742400	0.4
46828800	5.58
46915200	0.4
47001600	2.21
47088000	0.24
47174400	1.93
47260800	0.5
47347200	0.24
47433600	1.22
47520000	0.33
47606400	0.42
47692800	36.99
47779200	1.44
47865600	0.64
47952000	2.22
48038400	1.57
48124800	0.16
48211200	1.95
48297600	0.63
48384000	0.64
48470400	1.16
48556800	1.94
48643200	0.48
48729600	0.25
48816000	20.37
48902400	2.06
48988800	0.81
49075200	4.91
49161600	40
49248000	0.38
49334400	2.83
49420800	0.92
49507200	5.36
49593600	6.13
49680000	1.05
49766400	1.01
49852800	7.9
49939200	1.33
50025600	1.51
50112000	3.06
50198400	2.86
50284800	2.48
50371200	0.28
50457600	2.7
50544000	1.18
50630400	40
50716800	1.25
50803200	0.37
50889600	0.51
50976000	0.71
51062400	0.87
51148800	0.85
51235200	1.13
51321600	2.31
51408000	0.99
51494400	1.97
51580800	0.09
51667200	5.63
51753600	0.38
51840000	0.52
51926400	0.14
52012800	5.21
52099200	2.58
52185600	3.24
52272000	0.48
52358400	7.7
52444800	0.34
52531200	0.13
52617600	0.69
52704000	1.99
52790400	3.43
52876800	2.71
52963200	0.61
53049600	1.62
53136000	1.43
53222400	8.83
53308800	1.14
53395200	2.75
53481600	1.09
53568000	1.41
53654400	0.25
53740800	5.03
53827200	3.2
53913600	3.44
54000000	1.47
54086400	2.29
54172800	1.16
54259200	2.08
54345600	1.53
54432000	0.29
54518400	0.92
54604800	0.26
54691200	1.44
54777600	4.97
54864000	0.6
54950400	3.53
55036800	11.38
55123200	0.23
55209600	2.84
55296000	0.34
55382400	0.77
55468800	1.42
55555200	1.88
55641600	0.65
55728000	1.03
55814400	0.87
55900800	4.82
55987200	0.26
56073600	6.79
56160000	0.57
56246400	2.61
56332800	0.34
56419200	7.61
56505600	0.68
56592000	0.35
56678400	0.31
56764800	0.28
56851200	0.85
56937600	0.85
57024000	2.05
57110400	2.4
57196800	0.72
57283200	0.56
57369600	5.11
57456000	0.79
57542400	1.88
57628800	1.01
57715200	0.59
57801600	0.36
57888000	0.41
57974400	0.56
58060800	4.81
58147200	0.2
58233600	7.73
58320000	2.91
58406400	0.26
58492800	1.95
58579200	0.43
58665600	0.31
58752000	1.77
58838400	2.24
58924800	2.5
59011200	1.07
59097600	1.92
59184000	0.62
59270400	1.98
59356800	0.92
59443200	0.51
59529600	0.88
59616000	0.91
59702400	0.85
59788800	3.21
59875200	2.67
59961600	0.86
60048000	0.59
60134400	1.54
60220800	0.72
60307200	2.24
60393600	2.73
60480000	1.88
60566400	2.3
60652800	1.09
60739200	1.41
60825600	4.69
60912000	1.02
60998400	1.99
61084800	0.22
61171200	1.79
61257600	5.49
61344000	2.77
61430400	1.37
61516800	3.36
61603200	0.56
61689600	1.2
61776000	2.13
61862400	0.97
61948800	0.4
62035200	0.99
62121600	7.97
62208000	2.57
62294400	1.19
62380800	1.32
62467200	1.2
62553600	5.11
62640000	1.64
62726400	0.51
62812800	2.74
62899200	15.19
62985600	2.68
63072000	0.91
63158400	1.8
63244800	3.08
63331200	0.3
63417600	1.13
63504000	1.42
63590400	1.03
63676800	0.75
63763200	1.72
63849600	0.55
63936000	3.5
64022400	3.78
64108800	0.76
64195200	0.38
64281600	3.04
64368000	1.25
64454400	0.86
64540800	1.08
64627200	0.75
64713600	0.07
64800000	0.18
64886400	16.88
64972800	1.09
65059200	4.85
65145600	0.64
65232000	3.37
65318400	0.12
65404800	0.74
65491200	0.81
65577600	3.78
65664000	4.76
65750400	0.49
65836800	4.33
65923200	8.61
66009600	0.95
66096000	2.17
66182400	1
66268800	1.84
66355200	0.5
66441600	5.97
66528000	2.03
66614400	0.75
66700800	2.18
66787200	2.97
66873600	0.47
66960000	3.45
67046400	0.24
67132800	1.21
67219200	1.16
67305600	1.1
67392000	0.93
67478400	2.55
67564800	2.05
67651200	0.63
67737600	0.41
67824000	8.83
67910400	0.71
67996800	1.33
68083200	2.36
68169600	0.44
68256000	0.67
68342400	1.64
68428800	0.4
68515200	5.51
68601600	2.02
68688000	1.28
68774400	2.03
68860800	3.31
68947200	0.89
69033600	3.19
69120000	2.42
69206400	1.95
69292800	18.01
69379200	1.02
69465600	0.85
69552000	1.5
69638400	11.86
69724800	3.47
69811200	0.92
69897600	0.18
69984000	1.14
70070400	4.36
70156800	1.05
70243200	0.33
70329600	0.48
70416000	1.51
70502400	1.09
70588800	0.98
70675200	0.49
70761600	0.77
70848000	0.12
70934400	1.29
71020800	0.68
71107200	2.55
71193600	0.28
71280000	1.09
71366400	0.43
71452800	1.5
71539200	2.63
71625600	1.6
71712000	0.68
71798400	0.27
71884800	2.53
71971200	0.73
72057600	2.35
72144000	0.3
72230400	16.8
72316800	1.69
72403200	9.45
72489600	0.59
72576000	2.7
72662400	0.49
72748800	0.5
72835200	0.72
72921600	0.72
73008000	0.2
73094400	2.14
73180800	1.56
73267200	18.37
73353600	0.8
73440000	1.14
73526400	2.59
73612800	0.45
73699200	1.92
73785600	0.6
73872000	0.88
73958400	0.07
74044800	0.72
74131200	1.67
74217600	0.23
74304000	1.45
74390400	0.98
74476800	2.94
74563200	17.93
74649600	14.69
74736000	0.68
74822400	1.23
74908800	2.4
74995200	0.56
75081600	2.7
75168000	14.12
75254400	1.07
75340800	0.37
75427200	4.43
75513600	0.59
75600000	1.15
75686400	0.46
75772800	1.31
75859200	0.54
75945600	0.9
76032000	5.2
76118400	0.46
76204800	12.5
76291200	0.23
76377600	0.33
76464000	0.67
76550400	0.72
76636800	1.11
76723200	0.03
76809600	0.51
76896000	2.17
76982400	1.41
77068800	2.62
77155200	0.75
77241600	2.05
77328000	0.42
77414400	3.43
77500800	0.33
77587200	0.81
77673600	0.41
77760000	2.76
77846400	0.36
77932800	0.2
78019200	0.44
78105600	0.58
78192000	0.92
78278400	3.22
78364800	1.24
78451200	1.14
78537600	1.18
78624000	11.81
78710400	0.63
78796800	5.65
78883200	1.28
78969600	0.23
79056000	2.57
79142400	22.72
79228800	1.06
79315200	5.87
79401600	0.58
79488000	1.06
79574400	0.96
79660800	0.9
79747200	35.35
79833600	1.33
79920000	4.03
80006400	0.88
80092800	1.18
80179200	3.33
80265600	0.64
80352000	2.72
80438400	0.3
80524800	0.63
80611200	1.16
80697600	8.37
80784000	1.13
80870400	0.19
80956800	0.41
81043200	1.48
81129600	27.03
81216000	3.09
81302400	0.89
81388800	1.32
81475200	1.91
81561600	1.22
81648000	2.31
81734400	3.93
81820800	1.49
81907200	1.41
81993600	6.42
82080000	1.98
82166400	0.51
82252800	0.7
82339200	0.74
82425600	0.6
82512000	0.63
82598400	1.29
82684800	0.57
82771200	0.69
82857600	0.43
82944000	4.88
83030400	0.97
83116800	0.55
83203200	4.46
83289600	3.57
83376000	0.84
83462400	0.11
83548800	1.34
83635200	1.26
83721600	0.89
83808000	0.8
83894400	1.26
83980800	0.78
84067200	3.71
84153600	0.23
84240000	2.05
84326400	0.85
84412800	1.82
84499200	0.38
84585600	0.29
84672000	2.63
84758400	0.74
84844800	0.2
84931200	0.35
85017600	7.02
85104000	2.61
85190400	4.49
85276800	0.33
85363200	0.68
85449600	0.47
85536000	5.72
85622400	2.41
85708800	0.55
85795200	4.47
85881600	0.44
85968000	0.8
86054400	0.85
86140800	1.22
86227200	6.25
86313600	0.32
86400000	0.49
86486400	4.05
86572800	1.23
86659200	1.11
86745600	1.84
86832000	0.72
86918400	0.63
87004800	0.86
87091200	0.86
87177600	1.96
87264000	1.08
87350400	0.45
87436800	2.07
87523200	0.56
87609600	0.16
87696000	4.52
87782400	1.1
87868800	1.21
87955200	0.77
88041600	8.36
88128000	5.08
88214400	14.62
88300800	12.89
88387200	0.27
88473600	0.43
88560000	0.2
88646400	0.29
88732800	0.25
88819200	0.55
88905600	1.32
88992000	2.87
89078400	0.78
89164800	3.25
89251200	0.64
89337600	1.53
89424000	1.13
89510400	1.11
89596800	1.63
89683200	0.56
89769600	0.48
89856000	1.46
89942400	1.33
90028800	2.24
90115200	0.69
90201600	0.72
90288000	4.49
90374400	0.36
90460800	3.02
90547200	0.66
90633600	9.18
90720000	0.92
90806400	2.27
90892800	6.58
90979200	1.69
91065600	1.25
91152000	0.92
91238400	3.33
91324800	4.03
91411200	0.42
91497600	2.59
91584000	1.07
91670400	1.11
91756800	0.74
91843200	0.7
91929600	5.02
92016000	3.52
92102400	0.51
92188800	2.35
92275200	3.7
92361600	8.01
92448000	1.9
92534400	9.31
92620800	0.55
92707200	0.75
92793600	2.38
92880000	1.05
92966400	0.29
93052800	0.66
93139200	1.91
93225600	1.03
93312000	0.78
93398400	5.24
93484800	0.51
93571200	0.94
93657600	1.97
93744000	1.48
93830400	0.66
93916800	2.52
94003200	0.53
94089600	1.68
94176000	0.61
94262400	2.87
94348800	1.65
94435200	0.57
94521600	0.62
94608000	1.85
94694400	1.28
94780800	25.48
94867200	0.17
94953600	2.95
95040000	0.46
95126400	1.28
95212800	1.2
95299200	3.28
95385600	2.93
95472000	3.75
95558400	0.68
95644800	1.31
95731200	1.71
95817600	0.79
95904000	2.38
95990400	1.12
96076800	2.61
96163200	0.81
96249600	1.16
96336000	0.32
96422400	0.33
96508800	18.43
96595200	0.24
96681600	1.46
96768000	0.44
96854400	1.22
96940800	2.93
97027200	0.93
97113600	3.75
97200000	1.74
97286400	26.88
97372800	3.2
97459200	0.14
97545600	2.18
97632000	0.93
97718400	0.24
97804800	0.85
97891200	0.73
97977600	0.48
98064000	17.64
98150400	1.71
98236800	1.91
98323200	0.96
98409600	0.36
98496000	0.41
98582400	0.84
98668800	0.39
98755200	1.27
98841600	0.32
98928000	3.28
99014400	9.98
99100800	0.99
99187200	1.95
99273600	0.4
99360000	2.62
99446400	2.1
99532800	20.85
99619200	3.21
99705600	4.56
99792000	0.72
99878400	1.09
99964800	2.77
100051200	1.76
100137600	0.35
100224000	2.42
100310400	0.27
100396800	1.79
100483200	0.52
100569600	0.36
100656000	0.46
100742400	0.49
100828800	0.32
100915200	0.92
101001600	2.34
101088000	0.38
101174400	1.46
101260800	4.43
101347200	0.56
101433600	0.75
101520000	0.92
101606400	1.22
101692800	6.74
101779200	2.01
101865600	0.86
101952000	6
102038400	1.17
102124800	0.51
102211200	0.62
102297600	5.07
102384000	5.63
102470400	0.99
102556800	0.72
102643200	9.05
102729600	0.49
102816000	1.66
102902400	1.05
102988800	2.61
103075200	3.33
103161600	3.49
103248000	0.28
103334400	0.41
103420800	1.38
103507200	1.37
103593600	4.19
103680000	9.15
103766400	1.09
103852800	5.35
103939200	0.96
104025600	36.88
104112000	0.52
104198400	0.8
104284800	0.52
104371200	2.19
104457600	0.5
104544000	3.94
104630400	1.32
104716800	1.44
104803200	1.14
104889600	0.86
104976000	1.23
105062400	5.35
105148800	11.16
105235200	0.56
105321600	0.55
105408000	2.54
105494400	1.73
105580800	5.93
105667200	0.66
105753600	7.28
105840000	2.39
105926400	0.18
106012800	0.6
106099200	22.34
106185600	5.51
106272000	0.48
106358400	40
106444800	1.68
106531200	0.36
106617600	0.17
106704000	0.5
106790400	0.2
106876800	0.39
106963200	0.39
107049600	9.43
107136000	0.14
107222400	3.66
107308800	0.39
107395200	0.64
107481600	1.51
107568000	0.43
107654400	2.84
107740800	0.24
107827200	0.4
107913600	0.12
108000000	0.83
108086400	2.54
108172800	2.13
108259200	2.18
108345600	7.83
108432000	0.68
108518400	0.6
108604800	1.75
108691200	1.74
108777600	0.31
108864000	3.01
108950400	0.98
109036800	0.21
109123200	0.75
109209600	7.92
109296000	1.06
109382400	0.94
109468800	2.64
109555200	0.14
109641600	0.99
109728000	2.47
109814400	0.9
109900800	0.86
109987200	1.05
110073600	1.38
110160000	6.54
110246400	1.42
110332800	3.32
110419200	4.63
110505600	0.37
110592000	0.38
110678400	3.63
110764800	0.97
110851200	1.45
110937600	0.63
111024000	0.39
111110400	1.23
111196800	1.36
111283200	16.8
111369600	0.71
111456000	1.77
111542400	1.77
111628800	4.01
111715200	3.29
111801600	9.21
111888000	0.09
111974400	4.62
112060800	3.56
112147200	1.92
112233600	3.86
112320000	0.73
112406400	1.99
112492800	0.78
112579200	5.59
112665600	1.98
112752000	10.55
112838400	2.06
112924800	0.52
113011200	0.36
113097600	2.12
113184000	2.59
113270400	1.09
113356800	0.16
113443200	1.82
113529600	1.56
113616000	0.75
113702400	1.49
113788800	0.66
113875200	1.42
113961600	0.31
114048000	1
114134400	0.87
114220800	0.58
114307200	6.07
114393600	1.22
114480000	1.63
114566400	0.57
114652800	1.24
114739200	1.07
114825600	3.69
114912000	0.46
114998400	1.44
115084800	0.81
115171200	1.79
115257600	1.62
115344000	1.41
115430400	3.96
115516800	0.75
115603200	2.54
115689600	0.31
115776000	0.92
115862400	1.33
115948800	0.45
116035200	0.2
116121600	10.06
116208000	3.59
116294400	1.59
116380800	5.07
116467200	0.81
116553600	13.26
116640000	1.53
116726400	1.16
116812800	0.77
116899200	1.21
116985600	2.25
117072000	2.43
117158400	0.39
117244800	0.9
117331200	4.43
117417600	0.39
117504000	1.14
117590400	14.61
117676800	1.02
117763200	1.37
117849600	0.54
117936000	40
118022400	4.84
118108800	0.29
118195200	0.36
118281600	2.29
118368000	1.32
118454400	26.53
118540800	0.7
118627200	7.95
118713600	6.7
118800000	0.13
118886400	1.7
118972800	2.6
119059200	11.35
119145600	9.4
119232000	3.72
119318400	0.68
119404800	1.62
119491200	8.2
119577600	1.32
119664000	0.72
119750400	1.62
119836800	1.37
119923200	0.13
120009600	2.66
120096000	1.22
120182400	1.84
120268800	1.13
120355200	16.83
120441600	1
120528000	17.81
120614400	1.08
120700800	2.57
120787200	0.37
120873600	0.14
120960000	0.9
121046400	1.77
121132800	1.83
121219200	1.38
121305600	1.08
121392000	40
121478400	2.15
121564800	0.39
121651200	0.64
121737600	0.3
121824000	0.53
121910400	1.53
121996800	2.24
122083200	8.19
122169600	1.09
122256000	0.73
122342400	1.21
122428800	1.73
122515200	0.31
122601600	0.67
122688000	5.54
122774400	0.93
122860800	4.6
122947200	0.4
123033600	3.69
123120000	1
123206400	0.19
123292800	2.03
123379200	0.68
123465600	0.21
123552000	23.42
123638400	1.05
123724800	5.64
123811200	1.02
123897600	0.49
123984000	1.12
124070400	1.31
124156800	0.62
124243200	1.93
124329600	0.7
124416000	1.97
124502400	2.06
124588800	3.37
124675200	1.4
124761600	0.16
124848000	0.16
124934400	0.43
125020800	8.94
125107200	0.26
125193600	2.31
125280000	5.37
125366400	0.42
125452800	1.22
125539200	1.45
125625600	0.58
125712000	8.41
125798400	0.33
125884800	0.86
125971200	2.04
126057600	1.67
126144000	4.84
126230400	0.69
126316800	1.9
126403200	0.76
126489600	2.99
126576000	1.66
126662400	0.37
126748800	0.81
126835200	0.27
126921600	0.19
127008000	2.15
127094400	2.97
127180800	0.59
127267200	0.65
127353600	0.9
127440000	1.95
127526400	1.28
127612800	1.67
127699200	0.28
127785600	0.83
127872000	0.77
127958400	0.07
128044800	2.66
128131200	1.49
128217600	0.4
128304000	0.87
128390400	0.4
128476800	1.35
128563200	1.05
128649600	9.27
128736000	10.38
128822400	0.68
128908800	0.52
128995200	0.68
129081600	0.17
129168000	1.15
129254400	0.24
129340800	0.44
129427200	0.65
129513600	1.65
129600000	6.5
129686400	1.66
129772800	0.77
129859200	1.27
129945600	1.25
130032000	0.96
130118400	1.37
130204800	1.06
130291200	11.56
130377600	3.59
130464000	3.36
130550400	5.68
130636800	0.47
130723200	0.5
130809600	4.12
130896000	1.78
130982400	0.91
131068800	1.27
131155200	0.23
131241600	0.59
131328000	1.77
131414400	5.32
131500800	1.31
131587200	22.44
131673600	0.77
131760000	3.08
131846400	2.38
131932800	1.02
132019200	1.03
132105600	0.3
132192000	0.37
132278400	5.2
132364800	0.57
132451200	6.47
132537600	0.99
132624000	2
132710400	2.56
132796800	0.77
132883200	0.82
132969600	0.61
133056000	0.97
133142400	0.83
133228800	1.38
133315200	0.44
133401600	0.87
133488000	0.17
133574400	14.49
133660800	0.45
133747200	0.64
133833600	2.37
133920000	6.55
134006400	0.51
134092800	5.3
134179200	2.54
134265600	2.24
134352000	0.9
134438400	1.9
134524800	0.52
134611200	3.9
134697600	2.34
134784000	0.88
134870400	0.53
134956800	3.18
135043200	0.42
135129600	1.66
135216000	1.42
135302400	0.91
135388800	3.45
135475200	0.98
135561600	3.57
135648000	0.86
135734400	0.73
135820800	1.85
135907200	3.45
135993600	40
136080000	0.85
136166400	0.49
136252800	1.53
136339200	1.52
136425600	1.57
136512000	0.35
136598400	0.6
136684800	2.37
136771200	0.27
136857600	3.03
136944000	40
137030400	0.37
137116800	2.45
137203200	14.9
137289600	4.7
137376000	4.09
137462400	0.44
137548800	1.1
137635200	2.38
137721600	0.99
137808000	1.59
137894400	2.18
137980800	0.85
138067200	0.94
138153600	2.22
138240000	0.88
138326400	2.39
138412800	0.78
138499200	29.11
138585600	7.04
138672000	1.08
138758400	3.37
138844800	0.99
138931200	19.56
139017600	0.43
139104000	1.14
139190400	2.69
139276800	0.21
139363200	7.55
139449600	2.19
139536000	5.83
139622400	0.81
139708800	0.75
139795200	1.34
139881600	1.09
139968000	0.55
140054400	0.93
140140800	13.41
140227200	0.89
140313600	2.59
140400000	5.66
140486400	2.11
140572800	0.76
140659200	1.22
140745600	0.98
140832000	0.17
140918400	4.68
141004800	4.38
141091200	1.74
141177600	0.99
141264000	0.27
141350400	2.6
141436800	1.29
141523200	2.87
141609600	0.09
141696000	3.37
141782400	0.85
141868800	3.73
141955200	2.33
142041600	0.48
142128000	1.05
142214400	3.85
142300800	0.89
142387200	1.08
142473600	0.48
142560000	14.31
142646400	0.27
142732800	1.36
142819200	0.59
142905600	0.8
142992000	1.89
143078400	1.32
143164800	0.27
143251200	0.26
143337600	0.58
143424000	5.41
143510400	1.02
143596800	8.66
143683200	2.11
143769600	3.59
143856000	1.14
143942400	0.52
144028800	3.14
144115200	3.49
144201600	0.98
144288000	2.99
144374400	0.77
144460800	1.44
144547200	1.08
144633600	0.66
144720000	13.85
144806400	0.96
144892800	8.21
144979200	2.03
145065600	12.74
145152000	0.31
145238400	0.95
145324800	0.73
145411200	0.88
145497600	0.51
145584000	6.04
145670400	0.71
145756800	0.73
145843200	0.55
145929600	4.63
146016000	11.35
146102400	29.64
146188800	2.79
146275200	1.25
146361600	0.37
146448000	10.71
146534400	0.61
146620800	1.39
146707200	1.32
146793600	0.7
146880000	0.09
146966400	3.07
147052800	0.98
147139200	2.82
147225600	1.18
147312000	0.34
147398400	0.57
147484800	1.41
147571200	5.66
147657600	0.41
147744000	0.66
147830400	2.64
147916800	0.53
148003200	0.95
148089600	3.82
148176000	0.76
148262400	2.39
148348800	1.02
148435200	0.99
148521600	2.5
148608000	1.62
148694400	0.5
148780800	0.33
148867200	2.8
148953600	24.36
149040000	0.45
149126400	0.75
149212800	0.47
149299200	1.06
149385600	1.61
149472000	5.53
149558400	23.44
149644800	4.68
149731200	0.64
149817600	0.71
149904000	0.72
149990400	0.69
150076800	0.39
150163200	2.1
150249600	0.31
150336000	1.72
150422400	0.7
150508800	1.03
150595200	0.74
150681600	3.46
150768000	0.43
150854400	8.27
150940800	0.9
151027200	1.63
151113600	1.23
151200000	0.88
151286400	4.07
151372800	15.69
151459200	3.08
151545600	4.72
151632000	0.26
151718400	6.02
151804800	0.87
151891200	1.72
151977600	0.75
152064000	0.2
152150400	0.19
152236800	1.08
152323200	0.28
152409600	2.65
152496000	0.63
152582400	1.09
152668800	1.64
152755200	0.98
152841600	1.1
152928000	1.31
153014400	3.91
153100800	0.5
153187200	0.39
153273600	0.31
153360000	0.21
153446400	1.16
153532800	0.5
153619200	0.37
153705600	40
153792000	0.42
153878400	2.17
153964800	1.08
154051200	0.28
154137600	0.68
154224000	1.54
154310400	0.21
154396800	0.65
154483200	1.71
154569600	0.19
154656000	2.55
154742400	1.31
154828800	1.62
154915200	0.23
155001600	0.74
155088000	1.85
155174400	1.81
155260800	0.26
155347200	8.2
155433600	0.55
155520000	1
155606400	0.94
155692800	0.16
155779200	1.71
155865600	0.94
155952000	1
156038400	3.3
156124800	1.06
156211200	0.15
156297600	2.21
156384000	4.65
156470400	2.01
156556800	3.78
156643200	1.82
156729600	0.53
156816000	0.11
156902400	0.46
156988800	0.75
157075200	0.58
157161600	0.25
157248000	0.32
157334400	0.38
157420800	0.34
157507200	3.85
157593600	0.39
