      0.00       9.34
  86400.00       0.78
 172800.00       7.69
 259200.00       4.67
 345600.00      10.32
 432000.00       0.06
 518400.00       0.02
 604800.00       0.03
 691200.00       0.06
 777600.00       3.39
 864000.00       4.30
 950400.00       0.54
1036800.00       2.04
1123200.00       0.03
1209600.00       1.19
1296000.00       0.11
1382400.00       0.32
1468800.00       0.20
1555200.00       0.25
1641600.00       0.20
1728000.00       0.17
1814400.00       0.04
1900800.00       0.12
1987200.00       0.06
2073600.00       1.28
2160000.00       3.15
2246400.00       0.06
2332800.00       3.85
2419200.00       0.72
2505600.00       7.24
2592000.00       0.61
2678400.00       0.65
2764800.00       0.27
2851200.00       0.45
2937600.00       0.16
3024000.00       0.01
3110400.00       0.01
3196800.00       0.00
3283200.00       0.05
3369600.00       5.06
3456000.00       1.75
3542400.00       0.31
3628800.00       0.20
3715200.00       6.11
3801600.00       4.37
3888000.00       0.63
3974400.00       0.45
4060800.00       0.01
4147200.00       0.10
4233600.00       0.08
4320000.00       0.32
4406400.00       0.08
4492800.00       1.93
4579200.00       0.18
4665600.00       0.13
4752000.00       0.27
4838400.00       0.01
4924800.00       0.00
5011200.00       0.00
5097600.00       0.00
5184000.00       0.00
5270400.00       0.00
5356800.00       0.01
5443200.00       0.32
5529600.00       0.17
5616000.00       0.07
5702400.00       0.00
5788800.00       0.00
5875200.00       0.00
5961600.00       4.43
6048000.00       3.88
6134400.00       7.78
6220800.00       1.43
6307200.00      11.01
6393600.00       4.37
6480000.00       5.39
6566400.00       2.67
6652800.00       2.05
6739200.00       0.69
6825600.00       0.07
6912000.00       0.02
6998400.00       0.14
7084800.00       0.16
7171200.00       0.11
7257600.00       0.05
7344000.00       0.02
7430400.00       0.00
7516800.00       0.08
7603200.00       2.33
7689600.00       3.65
7776000.00       2.51
7862400.00       7.78
7948800.00       6.34
8035200.00       0.30
8121600.00       3.19
8208000.00       1.13
8294400.00       0.51
8380800.00       0.17
8467200.00       0.41
8553600.00      21.56
8640000.00       5.91
8726400.00      12.07
8812800.00       1.64
8899200.00       3.81
8985600.00       4.45
9072000.00       2.01
9158400.00       0.47
9244800.00       0.13
9331200.00       0.06
9417600.00       0.19
9504000.00       1.45
9590400.00       0.13
9676800.00       0.03
9763200.00       0.00
9849600.00       0.06
9936000.00       0.05
10022400.00       1.30
10108800.00       0.11
10195200.00       0.30
10281600.00       0.09
10368000.00       0.03
10454400.00       0.09
10540800.00       0.05
10627200.00       0.02
10713600.00       0.64
10800000.00       0.16
10886400.00       0.04
10972800.00       0.01
11059200.00       0.01
11145600.00       0.01
11232000.00       0.13
11318400.00       2.61
11404800.00       0.61
11491200.00       0.65
11577600.00       0.65
11664000.00       0.03
11750400.00       0.04
11836800.00       0.85
11923200.00       1.57
12009600.00       6.26
12096000.00       0.09
12182400.00       0.02
12268800.00       0.07
12355200.00       1.54
12441600.00       0.23
12528000.00       0.00
12614400.00       0.00
12700800.00       0.06
12787200.00       0.71
12873600.00       0.22
12960000.00       0.33
13046400.00       0.33
13132800.00       0.00
13219200.00       0.48
13305600.00       3.90
13392000.00       6.24
13478400.00      29.34
13564800.00       8.14
13651200.00       0.54
13737600.00       0.00
13824000.00       0.01
13910400.00       0.63
13996800.00       3.95
14083200.00       0.08
14169600.00       0.01
14256000.00       1.06
14342400.00       1.43
14428800.00       6.60
14515200.00       5.41
14601600.00       1.20
14688000.00       3.77
14774400.00       1.42
14860800.00       0.04
14947200.00       0.03
15033600.00       0.16
15120000.00       0.01
15206400.00       0.02
15292800.00       0.00
15379200.00       0.78
15465600.00       0.19
15552000.00       0.03
15638400.00       0.03
15724800.00       0.01
15811200.00       0.01
15897600.00       0.05
15984000.00       0.05
