      0.00       0.10
  86400.00       0.15
 172800.00       0.07
 259200.00       0.10
 345600.00       5.10
 432000.00       0.10
 518400.00       0.27
 604800.00       0.12
 691200.00       0.04
 777600.00       0.11
 864000.00       0.29
 950400.00       0.30
1036800.00       0.43
1123200.00       1.74
1209600.00       0.04
1296000.00       1.72
1382400.00       0.08
1468800.00       0.08
1555200.00       0.00
1641600.00       1.08
1728000.00       0.09
1814400.00       0.19
1900800.00       0.99
1987200.00       0.68
2073600.00       0.33
2160000.00       2.08
2246400.00       0.37
2332800.00       0.05
2419200.00       0.14
2505600.00       1.83
2592000.00       1.99
2678400.00       0.12
2764800.00       2.60
2851200.00       6.55
2937600.00       0.66
3024000.00       0.20
3110400.00       0.10
3196800.00       0.04
3283200.00       0.22
3369600.00       1.57
3456000.00       1.01
3542400.00      11.39
3628800.00      11.12
3715200.00       2.03
3801600.00       4.77
3888000.00       0.46
3974400.00       0.04
4060800.00       2.08
4147200.00       7.97
4233600.00      16.10
4320000.00       1.11
4406400.00       5.79
4492800.00       7.05
4579200.00      14.27
4665600.00       2.26
4752000.00       6.79
4838400.00       0.58
4924800.00       0.55
5011200.00      15.81
5097600.00       8.41
5184000.00       1.62
5270400.00       6.20
5356800.00       1.71
5443200.00       2.92
5529600.00       3.28
5616000.00       5.24
5702400.00       6.13
5788800.00       0.14
5875200.00       2.78
5961600.00       0.84
6048000.00       2.09
6134400.00       2.57
6220800.00       0.01
6307200.00       0.64
6393600.00       1.14
6480000.00       0.49
6566400.00       1.50
6652800.00       0.58
6739200.00       0.35
6825600.00       0.13
6912000.00       0.10
6998400.00       0.12
7084800.00       0.56
7171200.00       0.13
7257600.00       0.13
7344000.00       0.18
7430400.00       0.05
7516800.00       1.10
7603200.00       3.19
7689600.00       1.00
7776000.00       1.66
7862400.00      12.05
7948800.00       4.29
8035200.00       3.91
8121600.00      12.06
8208000.00      11.55
8294400.00       3.78
8380800.00       1.92
8467200.00       3.92
8553600.00       1.21
8640000.00       0.18
8726400.00       0.09
8812800.00       0.07
8899200.00       0.00
8985600.00       0.02
9072000.00       0.21
9158400.00       0.01
9244800.00       0.02
9331200.00       0.05
9417600.00       0.02
9504000.00       0.07
9590400.00       0.08
9676800.00       0.03
9763200.00       0.00
9849600.00       0.02
9936000.00       0.07
10022400.00       0.00
10108800.00       0.36
10195200.00       1.41
10281600.00       0.10
10368000.00       0.22
10454400.00       0.22
10540800.00       0.03
10627200.00       0.01
10713600.00       0.28
10800000.00       0.23
10886400.00       5.17
10972800.00       3.91
11059200.00       2.77
11145600.00       0.15
11232000.00       1.19
11318400.00       0.48
11404800.00       0.13
11491200.00       0.06
11577600.00       0.11
11664000.00       0.00
11750400.00       0.02
11836800.00       0.04
11923200.00       0.08
12009600.00       4.81
12096000.00       0.39
12182400.00       0.05
12268800.00       0.62
12355200.00       0.13
12441600.00       0.17
12528000.00       1.53
12614400.00      15.52
12700800.00       0.91
12787200.00       0.03
12873600.00       0.19
12960000.00       0.01
13046400.00       0.50
13132800.00       1.56
13219200.00       1.87
13305600.00       0.28
13392000.00       6.25
13478400.00       3.88
13564800.00       0.26
13651200.00       2.32
13737600.00       0.20
13824000.00       0.17
13910400.00       0.05
13996800.00       0.03
14083200.00       0.04
14169600.00       3.37
14256000.00       0.35
14342400.00       5.26
14428800.00       0.47
14515200.00       0.03
14601600.00       0.82
14688000.00       1.28
14774400.00       0.40
14860800.00       2.50
14947200.00       0.54
15033600.00       0.26
15120000.00       5.74
15206400.00       0.24
15292800.00       6.52
15379200.00      11.03
15465600.00       0.14
15552000.00       0.03
15638400.00       0.56
15724800.00       0.25
15811200.00       1.25
15897600.00       0.86
15984000.00       2.01
