      0.00       0.00
  86400.00       0.00
 172800.00       0.00
 259200.00       0.00
 345600.00       0.00
 432000.00       0.00
 518400.00       0.00
 604800.00       0.00
 691200.00       0.00
 777600.00       0.00
 864000.00       0.00
 950400.00       2.90
1036800.00      19.68
1123200.00       3.90
1209600.00       0.70
1296000.00       8.29
1382400.00      10.49
1468800.00       6.19
1555200.00       1.30
1641600.00       0.60
1728000.00       0.60
1814400.00       1.10
1900800.00       2.00
1987200.00       0.00
2073600.00      11.69
2160000.00       5.99
2246400.00       0.10
2332800.00       0.00
2419200.00       3.30
2505600.00       0.10
2592000.00       0.00
2678400.00       0.20
2764800.00       3.11
2851200.00       2.00
2937600.00       1.60
3024000.00       0.00
3110400.00       0.00
3196800.00       0.00
3283200.00       0.40
3369600.00       0.00
3456000.00       0.10
3542400.00       0.50
3628800.00       0.20
3715200.00       0.20
3801600.00       1.70
3888000.00       0.20
3974400.00       0.50
4060800.00       0.00
4147200.00       7.82
4233600.00       2.51
4320000.00       0.70
4406400.00       0.00
4492800.00       0.10
4579200.00       2.31
4665600.00       3.71
4752000.00       0.10
4838400.00       1.50
4924800.00       4.21
5011200.00       4.21
5097600.00       0.60
5184000.00       5.21
5270400.00       0.90
5356800.00       0.10
5443200.00       0.00
5529600.00       0.00
5616000.00       0.20
5702400.00       0.70
5788800.00       0.60
5875200.00       0.00
5961600.00       0.00
6048000.00       0.00
6134400.00       0.00
6220800.00       0.00
6307200.00       0.00
6393600.00       0.40
6480000.00       2.29
6566400.00       0.00
6652800.00       0.00
6739200.00       0.00
6825600.00       0.00
6912000.00       0.00
6998400.00       6.98
7084800.00       7.68
7171200.00       1.50
7257600.00       0.00
7344000.00       0.30
7430400.00       8.58
7516800.00       1.30
7603200.00       2.69
7689600.00       4.49
7776000.00       0.10
7862400.00       0.00
7948800.00       0.00
8035200.00       0.00
8121600.00       0.00
8208000.00       0.00
8294400.00       0.00
8380800.00       0.00
8467200.00       0.00
8553600.00       0.00
8640000.00       3.02
8726400.00       0.00
8812800.00       0.91
8899200.00       0.20
8985600.00       1.41
9072000.00       0.00
9158400.00       0.00
9244800.00       0.50
9331200.00       0.00
9417600.00       0.00
9504000.00       0.00
9590400.00       0.00
9676800.00       0.00
9763200.00       7.24
9849600.00       1.41
9936000.00       0.00
10022400.00       0.00
10108800.00       2.31
10195200.00       0.00
10281600.00       0.00
10368000.00       0.00
10454400.00       0.00
10540800.00       0.00
10627200.00       1.20
10713600.00       0.00
10800000.00       0.40
10886400.00       1.71
10972800.00       7.03
11059200.00       4.62
11145600.00       0.40
11232000.00       0.10
11318400.00      13.75
11404800.00       1.10
11491200.00       4.82
11577600.00       0.60
11664000.00       1.91
11750400.00      10.64
11836800.00       5.52
11923200.00       0.50
12009600.00       1.81
12096000.00       2.11
12182400.00       0.60
12268800.00       3.11
12355200.00       0.00
12441600.00       0.00
12528000.00       6.63
12614400.00       4.32
12700800.00       1.61
12787200.00       2.51
12873600.00       0.00
12960000.00       0.00
13046400.00       0.00
13132800.00       0.00
13219200.00       0.00
13305600.00       0.00
13392000.00       0.00
13478400.00       0.00
13564800.00       0.00
13651200.00       0.00
13737600.00       0.00
13824000.00       0.00
13910400.00       0.32
13996800.00       0.74
14083200.00       0.00
14169600.00       0.00
14256000.00       0.00
14342400.00       0.00
14428800.00       0.00
14515200.00       0.00
14601600.00       0.00
14688000.00       0.21
14774400.00       0.00
14860800.00       0.32
14947200.00       0.00
15033600.00       0.00
15120000.00       0.11
15206400.00       0.00
15292800.00       0.00
15379200.00       0.00
15465600.00       0.00
15552000.00       0.00
15638400.00       0.00
15724800.00       0.00
15811200.00       0.00
