      0.00       0.30
  86400.00       0.40
 172800.00       8.31
 259200.00       1.20
 345600.00       0.10
 432000.00       0.00
 518400.00       0.10
 604800.00       0.00
 691200.00       0.00
 777600.00       0.00
 864000.00       0.00
 950400.00       0.70
1036800.00       1.00
1123200.00       1.30
1209600.00       6.51
1296000.00       2.80
1382400.00       2.30
1468800.00       1.40
1555200.00       2.40
1641600.00      13.22
1728000.00       2.20
1814400.00       3.81
1900800.00       1.90
1987200.00       1.00
2073600.00       5.91
2160000.00       0.20
2246400.00       0.00
2332800.00       0.00
2419200.00       0.00
2505600.00       0.00
2592000.00       0.00
2678400.00       0.00
2764800.00       0.00
2851200.00       0.50
2937600.00       0.79
3024000.00       0.00
3110400.00       2.28
3196800.00       1.09
3283200.00       3.58
3369600.00       4.77
3456000.00       2.28
3542400.00       2.98
3628800.00       3.38
3715200.00       0.10
3801600.00       1.79
3888000.00       0.10
3974400.00       0.00
4060800.00       3.28
4147200.00       2.78
4233600.00       3.97
4320000.00       0.79
4406400.00       0.00
4492800.00       0.10
4579200.00       0.00
4665600.00       0.00
4752000.00       0.10
4838400.00       4.37
4924800.00       3.87
5011200.00       0.79
5097600.00       0.00
5184000.00       0.10
5270400.00       1.70
5356800.00       5.40
5443200.00       4.50
5529600.00       7.20
5616000.00       0.20
5702400.00       1.60
5788800.00       0.10
5875200.00       0.80
5961600.00       0.00
6048000.00       0.00
6134400.00       0.00
6220800.00       0.00
6307200.00       0.00
6393600.00       0.00
6480000.00       0.70
6566400.00       3.00
6652800.00       4.60
6739200.00       1.30
6825600.00       0.00
6912000.00       0.00
6998400.00       0.00
7084800.00       2.60
7171200.00       2.00
7257600.00       2.70
7344000.00       0.80
7430400.00       3.60
7516800.00       3.90
7603200.00       0.00
7689600.00       0.00
7776000.00       0.60
7862400.00       0.50
7948800.00       0.60
8035200.00       0.00
8121600.00       0.00
8208000.00       0.00
8294400.00       1.60
8380800.00       0.60
8467200.00       6.09
8553600.00       3.29
8640000.00       0.30
8726400.00       0.00
8812800.00       0.60
8899200.00       1.50
8985600.00       0.00
9072000.00       0.00
9158400.00       5.29
9244800.00      15.58
9331200.00       5.99
9417600.00       0.10
9504000.00       0.00
9590400.00       0.00
9676800.00      13.58
9763200.00       0.20
9849600.00       2.90
9936000.00       0.00
10022400.00       1.70
10108800.00       0.00
10195200.00       0.00
10281600.00       0.00
10368000.00       1.70
10454400.00       0.80
10540800.00       0.00
10627200.00       0.00
10713600.00       1.50
10800000.00       0.00
10886400.00       0.00
10972800.00       1.30
11059200.00       4.59
11145600.00       0.00
11232000.00       1.20
11318400.00       0.80
11404800.00      19.25
11491200.00       4.29
11577600.00       1.70
11664000.00       1.50
11750400.00       0.00
11836800.00       0.00
11923200.00       0.00
12009600.00       0.00
12096000.00       5.79
12182400.00       4.39
12268800.00       4.99
12355200.00       4.29
12441600.00       6.98
12528000.00       5.89
12614400.00       2.00
12700800.00       0.10
12787200.00       1.00
12873600.00       4.09
12960000.00       0.50
13046400.00       5.99
13132800.00       0.00
13219200.00       0.60
13305600.00      29.20
13392000.00       0.30
13478400.00       0.00
13564800.00       0.00
13651200.00       0.00
13737600.00       0.00
13824000.00       0.00
13910400.00       2.30
13996800.00       0.90
14083200.00       0.00
14169600.00       0.00
14256000.00       0.00
14342400.00       1.70
14428800.00       0.10
14515200.00       0.00
14601600.00       0.00
14688000.00       0.20
14774400.00       4.60
14860800.00       7.00
14947200.00       4.60
15033600.00       1.60
15120000.00       0.30
15206400.00       7.70
15292800.00       0.10
15379200.00       5.20
15465600.00       0.00
15552000.00       0.70
15638400.00       0.00
15724800.00       2.50
15811200.00       2.80
