      0.00       0.20
  86400.00       0.12
 172800.00       1.04
 259200.00       0.21
 345600.00       0.47
 432000.00       3.08
 518400.00       0.61
 604800.00       2.86
 691200.00       2.82
 777600.00       0.01
 864000.00       0.00
 950400.00       0.02
1036800.00       0.34
1123200.00       1.28
1209600.00       4.12
1296000.00       0.08
1382400.00       0.72
1468800.00       0.10
1555200.00       0.68
1641600.00       1.03
1728000.00       0.31
1814400.00       0.00
1900800.00       0.03
1987200.00       0.11
2073600.00       0.11
2160000.00      11.66
2246400.00       1.26
2332800.00       8.61
2419200.00       0.11
2505600.00       5.31
2592000.00       1.27
2678400.00       0.89
2764800.00       0.13
2851200.00       0.29
2937600.00       0.16
3024000.00       0.34
3110400.00       3.29
3196800.00      20.57
3283200.00       1.54
3369600.00       2.98
3456000.00       0.09
3542400.00       0.97
3628800.00      14.36
3715200.00       7.26
3801600.00       4.53
3888000.00       5.78
3974400.00       5.47
4060800.00       4.28
4147200.00       4.74
4233600.00       6.24
4320000.00       0.07
4406400.00       9.35
4492800.00       9.50
4579200.00       0.07
4665600.00       0.12
4752000.00       0.05
4838400.00       0.04
4924800.00       0.03
5011200.00       1.42
5097600.00       0.10
5184000.00       2.06
5270400.00       1.41
5356800.00       3.88
5443200.00       4.96
5529600.00       2.26
5616000.00       4.66
5702400.00       4.03
5788800.00       5.57
5875200.00      11.19
5961600.00       0.61
6048000.00       0.04
6134400.00       0.14
6220800.00       0.15
6307200.00       0.07
6393600.00       0.44
6480000.00       0.03
6566400.00       0.00
6652800.00       0.54
6739200.00       2.07
6825600.00       0.18
6912000.00       0.44
6998400.00       0.31
7084800.00       8.97
7171200.00       3.25
7257600.00       1.24
7344000.00       5.68
7430400.00       2.35
7516800.00       0.07
7603200.00       0.96
7689600.00       1.53
7776000.00       0.36
7862400.00       0.48
7948800.00       0.61
8035200.00       0.33
8121600.00       0.21
8208000.00       1.45
8294400.00       1.12
8380800.00       0.37
8467200.00       0.29
8553600.00       0.42
8640000.00       2.68
8726400.00      28.63
8812800.00       5.14
8899200.00       1.04
8985600.00       0.48
9072000.00       0.94
9158400.00       0.08
9244800.00       0.47
9331200.00       0.14
9417600.00       0.64
9504000.00       0.04
9590400.00       0.01
9676800.00       0.75
9763200.00       0.13
9849600.00       0.07
9936000.00       0.00
10022400.00       0.00
10108800.00       0.39
10195200.00      10.23
10281600.00       3.18
10368000.00       0.28
10454400.00       0.50
10540800.00       0.28
10627200.00       0.11
10713600.00       0.89
10800000.00       0.60
10886400.00       0.21
10972800.00       5.14
11059200.00       0.84
11145600.00       0.36
11232000.00       0.25
11318400.00       0.99
11404800.00       1.00
11491200.00       0.38
11577600.00       0.98
11664000.00       0.60
11750400.00       0.06
11836800.00       0.49
11923200.00       0.03
12009600.00       7.39
12096000.00       7.45
12182400.00       0.04
12268800.00       0.16
12355200.00       0.11
12441600.00       0.01
12528000.00       0.02
12614400.00       0.01
12700800.00       0.09
12787200.00       0.02
12873600.00       0.00
12960000.00       0.28
13046400.00       0.99
13132800.00       0.11
13219200.00       0.02
13305600.00       0.02
13392000.00       0.13
13478400.00       0.00
13564800.00       0.01
13651200.00       0.03
13737600.00       0.26
13824000.00       1.86
13910400.00       0.26
13996800.00       0.58
14083200.00       0.02
14169600.00       0.02
14256000.00       1.37
14342400.00       0.28
14428800.00       0.39
14515200.00      11.82
14601600.00       6.93
14688000.00       0.31
14774400.00       0.06
14860800.00       0.03
14947200.00       0.05
15033600.00       0.03
15120000.00       0.07
15206400.00       0.00
15292800.00       0.00
15379200.00       0.00
15465600.00       0.00
15552000.00       0.01
15638400.00       0.01
15724800.00       0.01
15811200.00       0.47
15897600.00       0.11
15984000.00       0.03
