      0.00       2.21
  86400.00       2.61
 172800.00       0.70
 259200.00       0.00
 345600.00       0.00
 432000.00       0.00
 518400.00       0.00
 604800.00       2.01
 691200.00       4.12
 777600.00       9.04
 864000.00       3.01
 950400.00       0.80
1036800.00       1.00
1123200.00       0.80
1209600.00       0.40
1296000.00       0.00
1382400.00       0.00
1468800.00       0.40
1555200.00       0.00
1641600.00       0.00
1728000.00       0.00
1814400.00       0.00
1900800.00       0.00
1987200.00       0.00
2073600.00       0.00
2160000.00       0.00
2246400.00       1.41
2332800.00      11.55
2419200.00       7.33
2505600.00       0.80
2592000.00       0.00
2678400.00       0.00
2764800.00       4.90
2851200.00       0.80
2937600.00       0.20
3024000.00       0.60
3110400.00       1.40
3196800.00       3.60
3283200.00       0.60
3369600.00       0.80
3456000.00       0.50
3542400.00       0.50
3628800.00       1.60
3715200.00       0.60
3801600.00       0.10
3888000.00       1.70
3974400.00       0.00
4060800.00       0.00
4147200.00       0.00
4233600.00       0.00
4320000.00       0.00
4406400.00       0.00
4492800.00       0.00
4579200.00       0.00
4665600.00       0.10
4752000.00       0.90
4838400.00       0.10
4924800.00       0.00
5011200.00       0.20
5097600.00       0.00
5184000.00       0.00
5270400.00       1.30
5356800.00       0.50
5443200.00       0.10
5529600.00       0.00
5616000.00       0.00
5702400.00       0.00
5788800.00       0.00
5875200.00       0.00
5961600.00       0.30
6048000.00       0.30
6134400.00       5.09
6220800.00      11.68
6307200.00       2.69
6393600.00       0.10
6480000.00       0.20
6566400.00       0.00
6652800.00       0.00
6739200.00       2.89
6825600.00      11.68
6912000.00       8.98
6998400.00       0.00
7084800.00       0.00
7171200.00       3.29
7257600.00       0.00
7344000.00       0.00
7430400.00       0.00
7516800.00       0.00
7603200.00       0.00
7689600.00       0.00
7776000.00       0.00
7862400.00       0.00
7948800.00       0.00
8035200.00       0.00
8121600.00       0.00
8208000.00       0.00
8294400.00       0.20
8380800.00       0.30
8467200.00       5.39
8553600.00       8.29
8640000.00       5.29
8726400.00       2.30
8812800.00       1.00
8899200.00       0.20
8985600.00       1.20
9072000.00       3.69
9158400.00       0.30
9244800.00       0.00
9331200.00       0.00
9417600.00       0.00
9504000.00       0.00
9590400.00       0.00
9676800.00       0.00
9763200.00      18.27
9849600.00       4.79
9936000.00       4.09
10022400.00       0.10
10108800.00       0.00
10195200.00       1.60
10281600.00       0.30
10368000.00       0.00
10454400.00       0.00
10540800.00       0.00
10627200.00       0.00
10713600.00       0.00
10800000.00       4.70
10886400.00       2.60
10972800.00       0.50
11059200.00      15.32
11145600.00       6.91
11232000.00       4.10
11318400.00       7.71
11404800.00       5.21
11491200.00       5.11
11577600.00       6.01
11664000.00       0.90
11750400.00       1.90
11836800.00       9.51
11923200.00       4.10
12009600.00       2.20
12096000.00       5.01
12182400.00       0.10
12268800.00       0.50
12355200.00       4.40
12441600.00       0.00
12528000.00       0.00
12614400.00       0.00
12700800.00       0.00
12787200.00       8.91
12873600.00       0.40
12960000.00       0.70
13046400.00       0.30
13132800.00       1.70
13219200.00       2.00
13305600.00       3.20
13392000.00       0.00
13478400.00       0.00
13564800.00       0.00
13651200.00       0.00
13737600.00       9.29
13824000.00       0.10
13910400.00      11.69
13996800.00      18.08
14083200.00      22.78
14169600.00       0.70
14256000.00       3.30
14342400.00       2.60
14428800.00       0.00
14515200.00       0.10
14601600.00       0.00
14688000.00       3.40
14774400.00       1.40
14860800.00       0.40
14947200.00       0.30
15033600.00       0.00
15120000.00       7.29
15206400.00       3.70
15292800.00       0.20
15379200.00       3.10
15465600.00       2.00
15552000.00       1.10
15638400.00       0.50
15724800.00       1.00
15811200.00       4.30
