      0.00       0.80
  86400.00       0.96
 172800.00       1.50
 259200.00       0.29
 345600.00       0.63
 432000.00       0.23
 518400.00       0.87
 604800.00       0.17
 691200.00       3.15
 777600.00       2.13
 864000.00       0.45
 950400.00       6.01
1036800.00       2.96
1123200.00       0.67
1209600.00       0.27
1296000.00       4.24
1382400.00       1.04
1468800.00       1.62
1555200.00       0.26
1641600.00       4.99
1728000.00       0.32
1814400.00       0.19
1900800.00       0.37
1987200.00       3.22
2073600.00       6.47
2160000.00       2.55
2246400.00       0.27
2332800.00       0.12
2419200.00       0.14
2505600.00       0.28
2592000.00       0.08
2678400.00       0.14
2764800.00       0.19
2851200.00       2.10
2937600.00       1.85
3024000.00       1.66
3110400.00       6.07
3196800.00       0.79
3283200.00       0.79
3369600.00       0.01
3456000.00      11.62
3542400.00      27.33
3628800.00      14.03
3715200.00       0.36
3801600.00       1.26
3888000.00       4.53
3974400.00       3.72
4060800.00       6.83
4147200.00       0.95
4233600.00       0.55
4320000.00       3.45
4406400.00       1.24
4492800.00      13.80
4579200.00      18.53
4665600.00       0.89
4752000.00       0.05
4838400.00       6.93
4924800.00       6.57
5011200.00       1.30
5097600.00       8.68
5184000.00       2.47
5270400.00       3.19
5356800.00      13.62
5443200.00       0.84
5529600.00       5.49
5616000.00       4.44
5702400.00       0.02
5788800.00       0.02
5875200.00       0.41
5961600.00       0.13
6048000.00       0.37
6134400.00       0.87
6220800.00       1.92
6307200.00       0.11
6393600.00       8.43
6480000.00       2.86
6566400.00       0.06
6652800.00       0.02
6739200.00       0.70
6825600.00       0.68
6912000.00       0.14
6998400.00       0.02
7084800.00       0.00
7171200.00       0.01
7257600.00       0.04
7344000.00       0.01
7430400.00       0.29
7516800.00       0.19
7603200.00       0.32
7689600.00       0.18
7776000.00       0.13
7862400.00       0.06
7948800.00       0.01
8035200.00       0.09
8121600.00       0.00
8208000.00       0.01
8294400.00       0.65
8380800.00       0.12
8467200.00       0.09
8553600.00       0.13
8640000.00       0.02
8726400.00       0.10
8812800.00       0.25
8899200.00       0.05
8985600.00       0.09
9072000.00       2.79
9158400.00       1.83
9244800.00       0.56
9331200.00       0.34
9417600.00       0.25
9504000.00       0.26
9590400.00       4.09
9676800.00       0.47
9763200.00       0.56
9849600.00       4.14
9936000.00       1.93
10022400.00       0.04
10108800.00       0.16
10195200.00       0.95
10281600.00       7.64
10368000.00       1.33
10454400.00       4.62
10540800.00       0.24
10627200.00       2.24
10713600.00       3.42
10800000.00       0.07
10886400.00       0.19
10972800.00       1.83
11059200.00       0.10
11145600.00       8.91
11232000.00      26.40
11318400.00       3.70
11404800.00       0.06
11491200.00       2.47
11577600.00       0.71
11664000.00       3.32
11750400.00       0.25
11836800.00       0.01
11923200.00       0.95
12009600.00       0.47
12096000.00       0.18
12182400.00       0.22
12268800.00      15.96
12355200.00       0.13
12441600.00       0.02
12528000.00       0.64
12614400.00       1.32
12700800.00       4.83
12787200.00       1.77
12873600.00       0.60
12960000.00       0.03
13046400.00       3.53
13132800.00       0.01
13219200.00       0.28
13305600.00       0.17
13392000.00       0.03
13478400.00       0.55
13564800.00       0.69
13651200.00       0.08
13737600.00       0.00
13824000.00       0.01
13910400.00       0.01
13996800.00       0.01
14083200.00       0.12
14169600.00       0.04
14256000.00       0.06
14342400.00       0.21
14428800.00       0.16
14515200.00       0.19
14601600.00       0.20
14688000.00       2.19
14774400.00       0.08
14860800.00       0.73
14947200.00      17.44
15033600.00       0.40
15120000.00       0.32
15206400.00       3.00
15292800.00       1.52
15379200.00       2.53
15465600.00       1.23
15552000.00       1.96
15638400.00       5.94
15724800.00       0.66
15811200.00       2.93
15897600.00       0.61
15984000.00       0.69
