      0.00       6.37
  86400.00       0.10
 172800.00       0.10
 259200.00       0.00
 345600.00       1.00
 432000.00       0.30
 518400.00       0.10
 604800.00       0.00
 691200.00       0.90
 777600.00       2.49
 864000.00       0.20
 950400.00       1.00
1036800.00       0.30
1123200.00       0.30
1209600.00       1.69
1296000.00       0.00
1382400.00       0.00
1468800.00       0.50
1555200.00       0.00
1641600.00       1.69
1728000.00       3.19
1814400.00       1.99
1900800.00       1.99
1987200.00       0.60
2073600.00       5.97
2160000.00       1.29
2246400.00       0.50
2332800.00       0.60
2419200.00       6.77
2505600.00       6.17
2592000.00       0.20
2678400.00       3.19
2764800.00       0.40
2851200.00       0.00
2937600.00       0.00
3024000.00       0.70
3110400.00       6.27
3196800.00       3.59
3283200.00       0.00
3369600.00       0.00
3456000.00       0.00
3542400.00       0.00
3628800.00       0.30
3715200.00       0.10
3801600.00      17.23
3888000.00       1.79
3974400.00       4.58
4060800.00       0.10
4147200.00       0.00
4233600.00       0.00
4320000.00       0.00
4406400.00       0.00
4492800.00       1.20
4579200.00       0.00
4665600.00       4.98
4752000.00       1.39
4838400.00       2.79
4924800.00      12.05
5011200.00       3.49
5097600.00       0.50
5184000.00       9.16
5270400.00       0.00
5356800.00       0.91
5443200.00       0.00
5529600.00       0.00
5616000.00       0.11
5702400.00       0.00
5788800.00       0.00
5875200.00       1.92
5961600.00       8.38
6048000.00       2.72
6134400.00       0.68
6220800.00       0.11
6307200.00       0.00
6393600.00       0.68
6480000.00       0.11
6566400.00       0.00
6652800.00       0.00
6739200.00       0.00
6825600.00       0.00
6912000.00       0.00
6998400.00       0.00
7084800.00       0.00
7171200.00       0.00
7257600.00       1.36
7344000.00       0.00
7430400.00       0.00
7516800.00       0.34
7603200.00      12.00
7689600.00      22.75
7776000.00       0.45
7862400.00       4.98
7948800.00       4.26
8035200.00       0.00
8121600.00       0.49
8208000.00       3.07
8294400.00       3.86
8380800.00       2.38
8467200.00       0.20
8553600.00       0.30
8640000.00       6.33
8726400.00       3.46
8812800.00       0.00
8899200.00       0.00
8985600.00       0.00
9072000.00       0.00
9158400.00       0.00
9244800.00       0.00
9331200.00       0.00
9417600.00       0.00
9504000.00       5.05
9590400.00       0.00
9676800.00       0.00
9763200.00       0.00
9849600.00       0.00
9936000.00       0.00
10022400.00       0.00
10108800.00       0.00
10195200.00       0.00
10281600.00       0.00
10368000.00       3.17
10454400.00       6.04
10540800.00       3.69
10627200.00       1.59
10713600.00      16.64
10800000.00       6.67
10886400.00       0.10
10972800.00       0.00
11059200.00       0.00
11145600.00       1.39
11232000.00       4.58
11318400.00       0.30
11404800.00       4.78
11491200.00       2.19
11577600.00       4.28
11664000.00       0.10
11750400.00       0.10
11836800.00       1.89
11923200.00       0.40
12009600.00       0.10
12096000.00       0.10
12182400.00      29.79
12268800.00       0.30
12355200.00       0.00
12441600.00       0.40
12528000.00       0.00
12614400.00       0.00
12700800.00       0.70
12787200.00       0.00
12873600.00       0.00
12960000.00       0.00
13046400.00       0.00
13132800.00       0.00
13219200.00       0.00
13305600.00       0.30
13392000.00       0.10
13478400.00       0.00
13564800.00       0.20
13651200.00       0.00
13737600.00       2.99
13824000.00       6.47
13910400.00       6.08
13996800.00       0.20
14083200.00       3.69
14169600.00       4.38
14256000.00      22.91
14342400.00       0.00
14428800.00       8.07
14515200.00       0.00
14601600.00       0.30
14688000.00       1.00
14774400.00       1.49
14860800.00       1.59
14947200.00       0.30
15033600.00       1.59
15120000.00       5.08
15206400.00       9.16
15292800.00       0.00
15379200.00       1.49
15465600.00       3.88
15552000.00       0.10
15638400.00      11.06
15724800.00       5.78
15811200.00       0.40
