      0.00       0.18
  86400.00       0.21
 172800.00       0.02
 259200.00       0.00
 345600.00       0.00
 432000.00       0.09
 518400.00       0.00
 604800.00       0.15
 691200.00       0.56
 777600.00       2.76
 864000.00       1.09
 950400.00       5.50
1036800.00       0.59
1123200.00       6.26
1209600.00       4.25
1296000.00       5.40
1382400.00       3.68
1468800.00       7.92
1555200.00       3.19
1641600.00       2.16
1728000.00       0.13
1814400.00       0.00
1900800.00       0.00
1987200.00       0.00
2073600.00       0.06
2160000.00       0.03
2246400.00       0.04
2332800.00       0.02
2419200.00       0.03
2505600.00       0.13
2592000.00       0.13
2678400.00       0.08
2764800.00       0.46
2851200.00       0.05
2937600.00       0.03
3024000.00       0.00
3110400.00       0.00
3196800.00       0.00
3283200.00       0.07
3369600.00       0.17
3456000.00       0.00
3542400.00       0.03
3628800.00       0.03
3715200.00       0.02
3801600.00       0.00
3888000.00       0.05
3974400.00       0.00
4060800.00       0.00
4147200.00       1.31
4233600.00       0.26
4320000.00       0.00
4406400.00       0.00
4492800.00       0.02
4579200.00       0.00
4665600.00       0.00
4752000.00       3.65
4838400.00       3.87
4924800.00       8.28
5011200.00       4.85
5097600.00       5.90
5184000.00      13.73
5270400.00       0.18
5356800.00       1.32
5443200.00       2.25
5529600.00       0.00
5616000.00       1.80
5702400.00       5.13
5788800.00       0.19
5875200.00       0.00
5961600.00       0.09
6048000.00       0.03
6134400.00       0.17
6220800.00       1.02
6307200.00      16.58
6393600.00       1.16
6480000.00       0.03
6566400.00       0.00
6652800.00       2.35
6739200.00       0.07
6825600.00       0.00
6912000.00       6.40
6998400.00       9.40
7084800.00       2.00
7171200.00       6.51
7257600.00       1.41
7344000.00       8.35
7430400.00       7.36
7516800.00       0.00
7603200.00       0.00
7689600.00       1.40
7776000.00       3.21
7862400.00       0.00
7948800.00       0.00
8035200.00       0.07
8121600.00       1.18
8208000.00       1.28
8294400.00      24.30
8380800.00       1.76
8467200.00       0.60
8553600.00       0.31
8640000.00       5.01
8726400.00       4.64
8812800.00       6.83
8899200.00       2.00
8985600.00       0.05
9072000.00       0.97
9158400.00       1.07
9244800.00       0.07
9331200.00       1.95
9417600.00       1.08
9504000.00       0.21
9590400.00       0.59
9676800.00       2.30
9763200.00       0.02
9849600.00       0.00
9936000.00       0.00
10022400.00       0.00
10108800.00       0.00
10195200.00       0.00
10281600.00       0.00
10368000.00       0.00
10454400.00       1.85
10540800.00       2.57
10627200.00      17.50
10713600.00       2.85
10800000.00       3.30
10886400.00       4.62
10972800.00       0.40
11059200.00       1.11
11145600.00      14.05
11232000.00       0.75
11318400.00       1.55
11404800.00       1.57
11491200.00       0.97
11577600.00       0.02
11664000.00       0.04
11750400.00       0.00
11836800.00       0.00
11923200.00       0.00
12009600.00       0.00
12096000.00       0.00
12182400.00       1.89
12268800.00       0.02
12355200.00       0.00
12441600.00       0.08
12528000.00       0.00
12614400.00       0.00
12700800.00       0.00
12787200.00       0.00
12873600.00       0.00
12960000.00       0.00
13046400.00       6.47
13132800.00       9.71
13219200.00       0.00
13305600.00       0.24
13392000.00       7.63
13478400.00       2.06
13564800.00       2.72
13651200.00       0.05
13737600.00       6.40
13824000.00       6.87
13910400.00       8.87
13996800.00       1.51
14083200.00       0.45
14169600.00       0.05
14256000.00       0.02
14342400.00       0.00
14428800.00       0.00
14515200.00       0.03
14601600.00       0.00
14688000.00       2.51
14774400.00       0.15
14860800.00       1.75
14947200.00       0.08
15033600.00       0.08
15120000.00       0.10
15206400.00       0.94
15292800.00       0.13
15379200.00       0.07
15465600.00       0.00
15552000.00       0.05
15638400.00       0.11
15724800.00       0.35
15811200.00       0.00
