      0.00       0.48
  86400.00       0.29
 172800.00       0.48
 259200.00       0.41
 345600.00       0.10
 432000.00       0.79
 518400.00       0.11
 604800.00       0.13
 691200.00       0.13
 777600.00       0.31
 864000.00       0.28
 950400.00       0.10
1036800.00       0.14
1123200.00       0.11
1209600.00       0.00
1296000.00       0.50
1382400.00       0.69
1468800.00       5.97
1555200.00       0.48
1641600.00       0.86
1728000.00       3.73
1814400.00       9.04
1900800.00       0.22
1987200.00       0.10
2073600.00       1.19
2160000.00       1.42
2246400.00       0.00
2332800.00       0.00
2419200.00       0.09
2505600.00       0.55
2592000.00       0.38
2678400.00       1.58
2764800.00       0.21
2851200.00       0.10
2937600.00       0.49
3024000.00       0.23
3110400.00       6.27
3196800.00      14.24
3283200.00       3.63
3369600.00       3.88
3456000.00       4.45
3542400.00       0.41
3628800.00       4.86
3715200.00       1.21
3801600.00       0.35
3888000.00       0.71
3974400.00       1.60
4060800.00      16.90
4147200.00      14.70
4233600.00       1.65
4320000.00       2.89
4406400.00       0.48
4492800.00       0.29
4579200.00       0.07
4665600.00       0.06
4752000.00       0.27
4838400.00       0.37
4924800.00       3.08
5011200.00       5.20
5097600.00       4.28
5184000.00       2.00
5270400.00       0.06
5356800.00       3.63
5443200.00      14.09
5529600.00       0.85
5616000.00       0.10
5702400.00       0.39
5788800.00       0.11
5875200.00       1.13
5961600.00       0.28
6048000.00       0.14
6134400.00       0.04
6220800.00       0.00
6307200.00       0.00
6393600.00       0.00
6480000.00       0.00
6566400.00       0.00
6652800.00       1.06
6739200.00       5.34
6825600.00      13.14
6912000.00       3.99
6998400.00       0.06
7084800.00      16.34
7171200.00       3.10
7257600.00       0.21
7344000.00       0.46
7430400.00       9.87
7516800.00       2.19
7603200.00       0.21
7689600.00       0.05
7776000.00       3.87
7862400.00       0.11
7948800.00       0.63
8035200.00       0.33
8121600.00       0.09
8208000.00       0.03
8294400.00       0.20
8380800.00       0.36
8467200.00       0.01
8553600.00       0.01
8640000.00       0.00
8726400.00       0.18
8812800.00       0.08
8899200.00       1.05
8985600.00       0.12
9072000.00       0.49
9158400.00       1.42
9244800.00       1.21
9331200.00       1.66
9417600.00       1.15
9504000.00       4.07
9590400.00       0.43
9676800.00       5.53
9763200.00       0.37
9849600.00       1.87
9936000.00       8.82
10022400.00       0.29
10108800.00       0.76
10195200.00       0.68
10281600.00       9.95
10368000.00       0.14
10454400.00       7.64
10540800.00       0.95
10627200.00       1.54
10713600.00       2.16
10800000.00       0.94
10886400.00       0.31
10972800.00       1.20
11059200.00       0.48
11145600.00       1.89
11232000.00       0.12
11318400.00       2.30
11404800.00       0.08
11491200.00       0.12
11577600.00       0.04
11664000.00       0.03
11750400.00       0.03
11836800.00       0.01
11923200.00       2.08
12009600.00       8.06
12096000.00      10.39
12182400.00       6.06
12268800.00       0.16
12355200.00       5.54
12441600.00       0.86
12528000.00       2.50
12614400.00       2.45
12700800.00       0.04
12787200.00       0.47
12873600.00       0.03
12960000.00       1.15
13046400.00       0.31
13132800.00       0.05
13219200.00       0.03
13305600.00       0.00
13392000.00       0.02
13478400.00       0.18
13564800.00       0.61
13651200.00       0.03
13737600.00       7.22
13824000.00       2.65
13910400.00       0.42
13996800.00       0.51
14083200.00      13.08
14169600.00       0.05
14256000.00       0.04
14342400.00      13.04
14428800.00       7.89
14515200.00       0.82
14601600.00       0.02
14688000.00       1.31
14774400.00      12.70
14860800.00       0.05
14947200.00       0.01
15033600.00       0.01
15120000.00       0.03
15206400.00       0.66
15292800.00       0.21
15379200.00       0.17
15465600.00       0.04
15552000.00       0.05
15638400.00       0.04
15724800.00       0.00
15811200.00       0.01
15897600.00       0.01
15984000.00       0.00
