      0.00       0.00
  86400.00       0.10
 172800.00       0.40
 259200.00      15.85
 345600.00       4.41
 432000.00       0.20
 518400.00       0.50
 604800.00       0.10
 691200.00       0.00
 777600.00       0.00
 864000.00       0.00
 950400.00       0.20
1036800.00       1.00
1123200.00       6.92
1209600.00       0.00
1296000.00       0.00
1382400.00       0.30
1468800.00       0.00
1555200.00       0.00
1641600.00       5.01
1728000.00       0.00
1814400.00       0.00
1900800.00       0.00
1987200.00       0.00
2073600.00       0.00
2160000.00       0.00
2246400.00       0.00
2332800.00       0.00
2419200.00       0.00
2505600.00       0.00
2592000.00       0.00
2678400.00       0.00
2764800.00       5.98
2851200.00       2.99
2937600.00       0.90
3024000.00       6.18
3110400.00       5.49
3196800.00       0.80
3283200.00       0.20
3369600.00       0.00
3456000.00       0.10
3542400.00       0.00
3628800.00       0.00
3715200.00       0.00
3801600.00       0.00
3888000.00       0.00
3974400.00       0.00
4060800.00       0.00
4147200.00       0.00
4233600.00       0.00
4320000.00       0.00
4406400.00       6.48
4492800.00       0.00
4579200.00       0.00
4665600.00       1.40
4752000.00       0.70
4838400.00       0.00
4924800.00       0.20
5011200.00       7.88
5097600.00       0.00
5184000.00       0.40
5270400.00       0.00
5356800.00       0.00
5443200.00       0.00
5529600.00       0.30
5616000.00       0.70
5702400.00       0.30
5788800.00       0.00
5875200.00       0.00
5961600.00       0.00
6048000.00       0.00
6134400.00       0.00
6220800.00       0.00
6307200.00       0.00
6393600.00       2.91
6480000.00       0.00
6566400.00       3.81
6652800.00       1.10
6739200.00       0.30
6825600.00       0.10
6912000.00       2.20
6998400.00       0.00
7084800.00       0.30
7171200.00      17.23
7257600.00       0.10
7344000.00       9.62
7430400.00       2.00
7516800.00       4.01
7603200.00       0.80
7689600.00       0.50
7776000.00       0.20
7862400.00       4.61
7948800.00       3.40
8035200.00       0.70
8121600.00       7.40
8208000.00       1.10
8294400.00       0.00
8380800.00       0.00
8467200.00       0.50
8553600.00       0.00
8640000.00       0.00
8726400.00       0.00
8812800.00       0.00
8899200.00       0.00
8985600.00       1.00
9072000.00       0.00
9158400.00       0.00
9244800.00       0.00
9331200.00       0.00
9417600.00       0.00
9504000.00       0.00
9590400.00       0.00
9676800.00       0.00
9763200.00       0.00
9849600.00       0.00
9936000.00       0.00
10022400.00       0.00
10108800.00       0.00
10195200.00       0.00
10281600.00       0.00
10368000.00       0.00
10454400.00       0.00
10540800.00       0.00
10627200.00       0.00
10713600.00       0.00
10800000.00       0.40
10886400.00       0.00
10972800.00       0.00
11059200.00       0.00
11145600.00       0.00
11232000.00       0.00
11318400.00       0.00
11404800.00       0.00
11491200.00       0.00
11577600.00       0.20
11664000.00       1.41
11750400.00       0.70
11836800.00      12.95
11923200.00       4.62
12009600.00       0.00
12096000.00       0.00
12182400.00       0.00
12268800.00       0.00
12355200.00       0.00
12441600.00       0.10
12528000.00       0.00
12614400.00       0.00
12700800.00       0.00
12787200.00       0.00
12873600.00       0.00
12960000.00       0.00
13046400.00       1.51
13132800.00       1.81
13219200.00      13.73
13305600.00       2.61
13392000.00       0.50
13478400.00       0.00
13564800.00       0.10
13651200.00       0.00
13737600.00       2.51
13824000.00       0.20
13910400.00       0.00
13996800.00       2.21
14083200.00       0.00
14169600.00       0.00
14256000.00       0.00
14342400.00       0.00
14428800.00       0.00
14515200.00       0.00
14601600.00       0.00
14688000.00       0.00
14774400.00       0.00
14860800.00       0.00
14947200.00       0.00
15033600.00       0.60
15120000.00       6.72
15206400.00       0.00
15292800.00       0.00
15379200.00       0.40
15465600.00       0.60
15552000.00       0.00
15638400.00       0.00
15724800.00       0.20
15811200.00       9.92
