      0.00       0.91
  86400.00       0.00
 172800.00       5.39
 259200.00       0.51
 345600.00       0.00
 432000.00       0.00
 518400.00       0.00
 604800.00       0.51
 691200.00       0.61
 777600.00       0.10
 864000.00       0.00
 950400.00       0.00
1036800.00       0.00
1123200.00       0.00
1209600.00       0.00
1296000.00       0.00
1382400.00       0.00
1468800.00       0.71
1555200.00       0.20
1641600.00       0.20
1728000.00       0.00
1814400.00       2.95
1900800.00       0.10
1987200.00       0.10
2073600.00       0.00
2160000.00       0.00
2246400.00       0.00
2332800.00       0.10
2419200.00       0.00
2505600.00       0.10
2592000.00       0.00
2678400.00       5.59
2764800.00      12.57
2851200.00       5.09
2937600.00       0.80
3024000.00       4.39
3110400.00       3.59
3196800.00       0.20
3283200.00       0.20
3369600.00       0.30
3456000.00       0.00
3542400.00       0.00
3628800.00       0.10
3715200.00       0.00
3801600.00       0.00
3888000.00       1.90
3974400.00       2.99
4060800.00       4.99
4147200.00       4.09
4233600.00       8.48
4320000.00       2.59
4406400.00       0.00
4492800.00       0.20
4579200.00       1.00
4665600.00       9.88
4752000.00      10.78
4838400.00       5.69
4924800.00       0.90
5011200.00       1.50
5097600.00       0.00
5184000.00       0.00
5270400.00       0.20
5356800.00       0.40
5443200.00       9.43
5529600.00       0.70
5616000.00       0.60
5702400.00       0.10
5788800.00       2.71
5875200.00       0.60
5961600.00       0.00
6048000.00       0.10
6134400.00       0.00
6220800.00       0.00
6307200.00       0.00
6393600.00       0.60
6480000.00       3.31
6566400.00       6.82
6652800.00       2.11
6739200.00       0.00
6825600.00       0.00
6912000.00       0.00
6998400.00      11.33
7084800.00       0.20
7171200.00       9.12
7257600.00       3.11
7344000.00       1.70
7430400.00       0.00
7516800.00      12.03
7603200.00       1.00
7689600.00       5.82
7776000.00       0.30
7862400.00       0.80
7948800.00       3.19
8035200.00       0.00
8121600.00       0.00
8208000.00       0.00
8294400.00      14.37
8380800.00       2.20
8467200.00       3.29
8553600.00       5.39
8640000.00       2.99
8726400.00       2.50
8812800.00       0.30
8899200.00       0.00
8985600.00       0.00
9072000.00       1.70
9158400.00       0.00
9244800.00       2.30
9331200.00       0.50
9417600.00       3.59
9504000.00       5.59
9590400.00       0.00
9676800.00       0.00
9763200.00       0.00
9849600.00       1.90
9936000.00       3.09
10022400.00       0.00
10108800.00       0.00
10195200.00       0.00
10281600.00       0.00
10368000.00       0.00
10454400.00       0.00
10540800.00       0.10
10627200.00       0.00
10713600.00       0.00
10800000.00       2.70
10886400.00       2.00
10972800.00       0.30
11059200.00       0.30
11145600.00       0.80
11232000.00       0.50
11318400.00       1.20
11404800.00       0.00
11491200.00       1.00
11577600.00       1.90
11664000.00      20.02
11750400.00       4.41
11836800.00       0.10
11923200.00       6.51
12009600.00       1.60
12096000.00       3.30
12182400.00       1.70
12268800.00       0.00
12355200.00       0.00
12441600.00       0.00
12528000.00       2.70
12614400.00      12.01
12700800.00      10.11
12787200.00       6.41
12873600.00       0.00
12960000.00       2.50
13046400.00       0.50
13132800.00       0.00
13219200.00       0.90
13305600.00       1.20
13392000.00       4.60
13478400.00       7.61
13564800.00       5.61
13651200.00       0.50
13737600.00       9.61
13824000.00       3.90
13910400.00       0.20
13996800.00       3.50
14083200.00       0.00
14169600.00       0.80
14256000.00       5.51
14342400.00      12.91
14428800.00       6.51
14515200.00       4.90
14601600.00       1.20
14688000.00      14.61
14774400.00       4.60
14860800.00       6.01
14947200.00       0.10
15033600.00       0.00
15120000.00       0.00
15206400.00       5.31
15292800.00       0.00
15379200.00       0.00
15465600.00       0.00
15552000.00       0.00
15638400.00       0.00
15724800.00       1.20
15811200.00       0.00
