      0.00       0.02
  86400.00       0.07
 172800.00       0.10
 259200.00       2.07
 345600.00       0.04
 432000.00       3.12
 518400.00       0.31
 604800.00       0.14
 691200.00       3.04
 777600.00       3.24
 864000.00       2.08
 950400.00       5.06
1036800.00       3.81
1123200.00       0.24
1209600.00       1.28
1296000.00       5.46
1382400.00       0.95
1468800.00       6.31
1555200.00       0.02
1641600.00       2.44
1728000.00       0.28
1814400.00       0.09
1900800.00       0.44
1987200.00       0.02
2073600.00       0.75
2160000.00       0.47
2246400.00       3.01
2332800.00       0.33
2419200.00       0.20
2505600.00       0.82
2592000.00       7.28
2678400.00       0.29
2764800.00       0.06
2851200.00       0.28
2937600.00       1.08
3024000.00       3.18
3110400.00       0.59
3196800.00       0.20
3283200.00       0.42
3369600.00       0.11
3456000.00       0.12
3542400.00       0.06
3628800.00       0.68
3715200.00       0.04
3801600.00       0.04
3888000.00       4.61
3974400.00       3.97
4060800.00       0.14
4147200.00       0.01
4233600.00       7.69
4320000.00       2.14
4406400.00       7.48
4492800.00      12.51
4579200.00       0.68
4665600.00       0.29
4752000.00       7.34
4838400.00       1.35
4924800.00       0.40
5011200.00       0.36
5097600.00       0.84
5184000.00       6.24
5270400.00       2.05
5356800.00       0.19
5443200.00       0.31
5529600.00       0.11
5616000.00      10.63
5702400.00       5.52
5788800.00       0.26
5875200.00       4.35
5961600.00       0.24
6048000.00       0.38
6134400.00       0.15
6220800.00       2.54
6307200.00      14.50
6393600.00       1.22
6480000.00       2.33
6566400.00       4.97
6652800.00       4.84
6739200.00       2.81
6825600.00       0.34
6912000.00       0.10
6998400.00       5.76
7084800.00       0.13
7171200.00       0.07
7257600.00       0.00
7344000.00       1.20
7430400.00       3.03
7516800.00       0.12
7603200.00       0.04
7689600.00       2.83
7776000.00       2.86
7862400.00       3.24
7948800.00       0.47
8035200.00       0.27
8121600.00       0.07
8208000.00       1.47
8294400.00       1.20
8380800.00       0.00
8467200.00       0.03
8553600.00       0.04
8640000.00       0.00
8726400.00       0.00
8812800.00       0.01
8899200.00       0.07
8985600.00       0.71
9072000.00       0.05
9158400.00       0.36
9244800.00       0.01
9331200.00       0.10
9417600.00       0.02
9504000.00       1.04
9590400.00       0.05
9676800.00       0.02
9763200.00       4.89
9849600.00       0.12
9936000.00       1.62
10022400.00       2.87
10108800.00       0.11
10195200.00       0.60
10281600.00       3.25
10368000.00       0.05
10454400.00       0.10
10540800.00       1.00
10627200.00       0.02
10713600.00       0.08
10800000.00       1.07
10886400.00       0.54
10972800.00       0.08
11059200.00       6.28
11145600.00       2.24
11232000.00       1.65
11318400.00       4.62
11404800.00      20.76
11491200.00       0.35
11577600.00       0.02
11664000.00       3.76
11750400.00       0.16
11836800.00       0.70
11923200.00       0.18
12009600.00       0.03
12096000.00       0.03
12182400.00       0.14
12268800.00       0.26
12355200.00       0.00
12441600.00       0.00
12528000.00       0.00
12614400.00       0.01
12700800.00       0.44
12787200.00       0.47
12873600.00       0.06
12960000.00       0.00
13046400.00       0.01
13132800.00       0.04
13219200.00       0.30
13305600.00      10.88
13392000.00       0.05
13478400.00       1.57
13564800.00       0.32
13651200.00       0.11
13737600.00       0.13
13824000.00       0.56
13910400.00       0.01
13996800.00       0.00
14083200.00       0.00
14169600.00       0.10
14256000.00       1.45
14342400.00       0.13
14428800.00       4.04
14515200.00       0.02
14601600.00       0.03
14688000.00       0.00
14774400.00       0.01
14860800.00       0.16
14947200.00       0.07
15033600.00       0.26
15120000.00       0.03
15206400.00       0.08
15292800.00       2.32
15379200.00       0.35
15465600.00       2.90
15552000.00       0.13
15638400.00       0.12
15724800.00       0.09
15811200.00       0.04
15897600.00       0.50
15984000.00       0.03
