      0.00       1.54
  86400.00       0.12
 172800.00       0.00
 259200.00       3.00
 345600.00       0.60
 432000.00      10.35
 518400.00       0.57
 604800.00       1.92
 691200.00       5.21
 777600.00       0.69
 864000.00       1.15
 950400.00      23.62
1036800.00       3.56
1123200.00       7.77
1209600.00       0.08
1296000.00       0.72
1382400.00       1.40
1468800.00       3.41
1555200.00       8.40
1641600.00       3.16
1728000.00       2.18
1814400.00       1.48
1900800.00       2.44
1987200.00       3.12
2073600.00       5.38
2160000.00       8.50
2246400.00       7.84
2332800.00       2.39
2419200.00       2.59
2505600.00       0.71
2592000.00       0.28
2678400.00       5.73
2764800.00       0.13
2851200.00       0.12
2937600.00       2.47
3024000.00       0.15
3110400.00       6.68
3196800.00       3.65
3283200.00      12.41
3369600.00       1.65
3456000.00       2.77
3542400.00       3.36
3628800.00       0.35
3715200.00       0.07
3801600.00       2.21
3888000.00       2.23
3974400.00       4.31
4060800.00       1.53
4147200.00       0.39
4233600.00       0.31
4320000.00       1.54
4406400.00       3.62
4492800.00       1.00
4579200.00       0.40
4665600.00       0.27
4752000.00       0.73
4838400.00       1.43
4924800.00       0.74
5011200.00       0.31
5097600.00       0.11
5184000.00       0.99
5270400.00       0.09
5356800.00       7.01
5443200.00       1.44
5529600.00       0.12
5616000.00       0.09
5702400.00       3.56
5788800.00       7.50
5875200.00       4.95
5961600.00       0.12
6048000.00       0.10
6134400.00       5.85
6220800.00       3.22
6307200.00       1.51
6393600.00       1.30
6480000.00       2.56
6566400.00       3.82
6652800.00       7.66
6739200.00       2.87
6825600.00      30.42
6912000.00       2.60
6998400.00       1.35
7084800.00       2.13
7171200.00      16.34
7257600.00       3.00
7344000.00       0.68
7430400.00       9.37
7516800.00       4.75
7603200.00      11.10
7689600.00       6.67
7776000.00       0.03
7862400.00       6.77
7948800.00       0.49
8035200.00       0.18
8121600.00       0.28
8208000.00       0.23
8294400.00       3.01
8380800.00       0.09
8467200.00       0.04
8553600.00       0.02
8640000.00       0.01
8726400.00       0.00
8812800.00       0.00
8899200.00       6.06
8985600.00       1.17
9072000.00       0.04
9158400.00       0.24
9244800.00       0.02
9331200.00       0.02
9417600.00       0.02
9504000.00       0.01
9590400.00       0.03
9676800.00       0.00
9763200.00       0.07
9849600.00      19.35
9936000.00       3.26
10022400.00       0.29
10108800.00       0.53
10195200.00       0.12
10281600.00       0.08
10368000.00       0.08
10454400.00       0.14
10540800.00       0.20
10627200.00       6.84
10713600.00       0.13
10800000.00       1.93
10886400.00       2.64
10972800.00       0.64
11059200.00       0.31
11145600.00       8.07
11232000.00       4.60
11318400.00       0.92
11404800.00       0.13
11491200.00       0.10
11577600.00       0.26
11664000.00       0.32
11750400.00       1.15
11836800.00       0.99
11923200.00       2.61
12009600.00       0.05
12096000.00       0.16
12182400.00       4.37
12268800.00       0.36
12355200.00       0.13
12441600.00       0.06
12528000.00       0.10
12614400.00       0.04
12700800.00       0.01
12787200.00       0.04
12873600.00       0.26
12960000.00       0.96
13046400.00       0.83
13132800.00       3.70
13219200.00       0.14
13305600.00       0.00
13392000.00       0.79
13478400.00       3.75
13564800.00       0.17
13651200.00       4.13
13737600.00       0.25
13824000.00       0.80
13910400.00       0.03
13996800.00       0.08
14083200.00       0.02
14169600.00       0.36
14256000.00       0.05
14342400.00       0.08
14428800.00       0.06
14515200.00       0.03
14601600.00       0.03
14688000.00       3.73
14774400.00       0.09
14860800.00       0.11
14947200.00       0.08
15033600.00       0.01
15120000.00       0.00
15206400.00       1.28
15292800.00       0.94
15379200.00       0.04
15465600.00       0.09
15552000.00       1.35
15638400.00       0.17
15724800.00       5.31
15811200.00       1.28
15897600.00       0.16
15984000.00       4.80
