      0.00       0.05
  86400.00       0.10
 172800.00       0.24
 259200.00       0.07
 345600.00       0.12
 432000.00       0.23
 518400.00       0.24
 604800.00       0.18
 691200.00       0.12
 777600.00       0.05
 864000.00       0.10
 950400.00       0.09
1036800.00       0.96
1123200.00       0.24
1209600.00       0.18
1296000.00       3.49
1382400.00       0.39
1468800.00       4.41
1555200.00      13.28
1641600.00       5.19
1728000.00       1.08
1814400.00       0.48
1900800.00       4.25
1987200.00       0.96
2073600.00       0.15
2160000.00       0.10
2246400.00       1.43
2332800.00       2.76
2419200.00      12.04
2505600.00       5.50
2592000.00      10.05
2678400.00       9.64
2764800.00       0.61
2851200.00       2.27
2937600.00       0.00
3024000.00       0.00
3110400.00       0.00
3196800.00       0.00
3283200.00       0.00
3369600.00       0.00
3456000.00       0.00
3542400.00       0.00
3628800.00       0.30
3715200.00       0.32
3801600.00       1.00
3888000.00       0.06
3974400.00       0.50
4060800.00      12.76
4147200.00       0.64
4233600.00       1.51
4320000.00       0.71
4406400.00       4.12
4492800.00       1.70
4579200.00       1.34
4665600.00       0.16
4752000.00       1.95
4838400.00       0.28
4924800.00       0.41
5011200.00      13.99
5097600.00       6.72
5184000.00       1.70
5270400.00       3.35
5356800.00       1.49
5443200.00       4.02
5529600.00       8.53
5616000.00       2.01
5702400.00       1.92
5788800.00       3.22
5875200.00       0.63
5961600.00       0.13
6048000.00       0.65
6134400.00       0.01
6220800.00       0.31
6307200.00       0.25
6393600.00       0.03
6480000.00       0.10
6566400.00       0.09
6652800.00       0.97
6739200.00       0.15
6825600.00       0.07
6912000.00       0.16
6998400.00       0.03
7084800.00       0.10
7171200.00       0.18
7257600.00       0.10
7344000.00       0.02
7430400.00       0.14
7516800.00       0.01
7603200.00       0.08
7689600.00       0.17
7776000.00       0.01
7862400.00       0.08
7948800.00       3.81
8035200.00       3.61
8121600.00       0.50
8208000.00       1.07
8294400.00       1.85
8380800.00       2.68
8467200.00       1.15
8553600.00       0.42
8640000.00       0.01
8726400.00       0.01
8812800.00       0.07
8899200.00       8.05
8985600.00       0.31
9072000.00       0.19
9158400.00       0.06
9244800.00       0.70
9331200.00       0.45
9417600.00       3.39
9504000.00       0.11
9590400.00       1.79
9676800.00       0.04
9763200.00       0.04
9849600.00       0.25
9936000.00       0.06
10022400.00       0.04
10108800.00       0.13
10195200.00       0.29
10281600.00       0.08
10368000.00       0.06
10454400.00       0.22
10540800.00       0.01
10627200.00       0.01
10713600.00       0.02
10800000.00       0.50
10886400.00       1.63
10972800.00       0.42
11059200.00       0.60
11145600.00       0.02
11232000.00       0.13
11318400.00       0.00
11404800.00       0.02
11491200.00       0.05
11577600.00       0.09
11664000.00       0.05
11750400.00       0.07
11836800.00       1.56
11923200.00       0.04
12009600.00       0.00
12096000.00       0.01
12182400.00       0.07
12268800.00       0.21
12355200.00       0.03
12441600.00       0.04
12528000.00       0.16
12614400.00       0.76
12700800.00       6.87
12787200.00       1.81
12873600.00       0.04
12960000.00       0.15
13046400.00       0.21
13132800.00       0.01
13219200.00       0.00
13305600.00       0.01
13392000.00       0.00
13478400.00       4.44
13564800.00       2.46
13651200.00       0.04
13737600.00       0.09
13824000.00       0.11
13910400.00       0.01
13996800.00       0.02
14083200.00       0.00
14169600.00       0.36
14256000.00       0.11
14342400.00       0.05
14428800.00       0.10
14515200.00       0.40
14601600.00       0.06
14688000.00       0.46
14774400.00       0.11
14860800.00       0.00
14947200.00       0.00
15033600.00       0.00
15120000.00       0.77
15206400.00       0.01
15292800.00       0.04
15379200.00       0.03
15465600.00       0.00
15552000.00       0.00
15638400.00       0.00
15724800.00       0.00
15811200.00       0.01
15897600.00       0.00
15984000.00       0.00
