      0.00       7.13
  86400.00       7.33
 172800.00       1.00
 259200.00       0.70
 345600.00       0.00
 432000.00       9.43
 518400.00       0.00
 604800.00       2.41
 691200.00      12.15
 777600.00       2.31
 864000.00       7.43
 950400.00       0.80
1036800.00       0.10
1123200.00       1.61
1209600.00      16.26
1296000.00       1.81
1382400.00       1.10
1468800.00       0.20
1555200.00       1.41
1641600.00       0.80
1728000.00       1.20
1814400.00       0.00
1900800.00       0.00
1987200.00       0.00
2073600.00       0.00
2160000.00       0.00
2246400.00       0.00
2332800.00       0.00
2419200.00       2.21
2505600.00       0.10
2592000.00       3.41
2678400.00       1.00
2764800.00       0.00
2851200.00       0.00
2937600.00       0.00
3024000.00       6.73
3110400.00       7.73
3196800.00       4.82
3283200.00       0.10
3369600.00       0.00
3456000.00       0.00
3542400.00       0.00
3628800.00       0.00
3715200.00       0.00
3801600.00       0.00
3888000.00       0.00
3974400.00       0.00
4060800.00       0.00
4147200.00       0.00
4233600.00       0.00
4320000.00       0.00
4406400.00       0.00
4492800.00       0.00
4579200.00       0.00
4665600.00       0.00
4752000.00       0.00
4838400.00       0.00
4924800.00       0.00
5011200.00       0.00
5097600.00       2.01
5184000.00       0.30
5270400.00       0.30
5356800.00       2.81
5443200.00       1.51
5529600.00       1.71
5616000.00      10.94
5702400.00       1.30
5788800.00       0.20
5875200.00       0.00
5961600.00       0.00
6048000.00       0.00
6134400.00       0.00
6220800.00       0.00
6307200.00       0.00
6393600.00       0.00
6480000.00       0.10
6566400.00       0.40
6652800.00       1.20
6739200.00       0.00
6825600.00       1.30
6912000.00       0.10
6998400.00       5.32
7084800.00       1.91
7171200.00       6.32
7257600.00       0.00
7344000.00       0.00
7430400.00      16.56
7516800.00       0.40
7603200.00       0.00
7689600.00       0.00
7776000.00       0.00
7862400.00       0.00
7948800.00       0.00
8035200.00      10.52
8121600.00       0.80
8208000.00       0.30
8294400.00       1.40
8380800.00       3.41
8467200.00       0.70
8553600.00       0.00
8640000.00       0.00
8726400.00       2.81
8812800.00       4.21
8899200.00       6.81
8985600.00       0.00
9072000.00       0.00
9158400.00       1.80
9244800.00       0.00
9331200.00       1.20
9417600.00       5.21
9504000.00       3.51
9590400.00       1.00
9676800.00       4.11
9763200.00      16.23
9849600.00       5.41
9936000.00       1.00
10022400.00       9.02
10108800.00       6.41
10195200.00       2.91
10281600.00       3.71
10368000.00       1.70
10454400.00       1.50
10540800.00       0.81
10627200.00       0.50
10713600.00       2.72
10800000.00       0.00
10886400.00       0.20
10972800.00       0.00
11059200.00       0.00
11145600.00       0.00
11232000.00       1.81
11318400.00       0.00
11404800.00       0.20
11491200.00       0.20
11577600.00       3.32
11664000.00       4.03
11750400.00       4.93
11836800.00       0.00
11923200.00       0.00
12009600.00       0.00
12096000.00       0.00
12182400.00       0.00
12268800.00       0.00
12355200.00       0.00
12441600.00       0.00
12528000.00       0.00
12614400.00       0.00
12700800.00       0.10
12787200.00       0.00
12873600.00       0.00
12960000.00       0.00
13046400.00       8.96
13132800.00       0.81
13219200.00       0.00
13305600.00       0.40
13392000.00       0.80
13478400.00       1.60
13564800.00       2.49
13651200.00       0.00
13737600.00       0.00
13824000.00       0.00
13910400.00       0.20
13996800.00       0.00
14083200.00       0.30
14169600.00       0.00
14256000.00       4.79
14342400.00       8.68
14428800.00       1.60
14515200.00       1.80
14601600.00       0.50
14688000.00       8.58
14774400.00       1.20
14860800.00       0.00
14947200.00       0.00
15033600.00       1.10
15120000.00       0.30
15206400.00       4.09
15292800.00       0.00
15379200.00       5.89
15465600.00       0.30
15552000.00       0.00
15638400.00       1.30
15724800.00       3.79
15811200.00       0.10
