      0.00       0.00
  86400.00       1.29
 172800.00       0.20
 259200.00       1.89
 345600.00       9.56
 432000.00       8.47
 518400.00       4.28
 604800.00       0.30
 691200.00       0.70
 777600.00       3.59
 864000.00       1.00
 950400.00       0.00
1036800.00       0.30
1123200.00       0.30
1209600.00       1.29
1296000.00       7.57
1382400.00       0.20
1468800.00       5.48
1555200.00       0.60
1641600.00       2.49
1728000.00       0.30
1814400.00       1.59
1900800.00       0.00
1987200.00       0.00
2073600.00       0.00
2160000.00       0.00
2246400.00       0.00
2332800.00       0.00
2419200.00       0.00
2505600.00       0.00
2592000.00       0.00
2678400.00       1.69
2764800.00       1.79
2851200.00       1.89
2937600.00       5.86
3024000.00       0.30
3110400.00       4.97
3196800.00       0.50
3283200.00       0.00
3369600.00       0.00
3456000.00       0.00
3542400.00       0.00
3628800.00       0.50
3715200.00       0.00
3801600.00       0.00
3888000.00       0.00
3974400.00       0.00
4060800.00       0.20
4147200.00       5.56
4233600.00       1.99
4320000.00       0.50
4406400.00       1.59
4492800.00       0.00
4579200.00       0.00
4665600.00       0.20
4752000.00       0.60
4838400.00       0.10
4924800.00       0.00
5011200.00       0.10
5097600.00      27.31
5184000.00       1.49
5270400.00       0.72
5356800.00       0.10
5443200.00       4.29
5529600.00       1.43
5616000.00       1.02
5702400.00       1.23
5788800.00       1.43
5875200.00       0.00
5961600.00       0.00
6048000.00       0.00
6134400.00       0.00
6220800.00       0.00
6307200.00       0.20
6393600.00       0.00
6480000.00       1.02
6566400.00       2.04
6652800.00       0.20
6739200.00       0.10
6825600.00       0.00
6912000.00       0.10
6998400.00       0.00
7084800.00       0.00
7171200.00       0.00
7257600.00       0.10
7344000.00       0.00
7430400.00       0.00
7516800.00       0.00
7603200.00       0.00
7689600.00       0.10
7776000.00       0.00
7862400.00       0.00
7948800.00       0.10
8035200.00       0.40
8121600.00       0.59
8208000.00       0.10
8294400.00       8.62
8380800.00       0.79
8467200.00       0.99
8553600.00       2.87
8640000.00       1.59
8726400.00       2.28
8812800.00       4.86
8899200.00       0.89
8985600.00       1.69
9072000.00       6.15
9158400.00       3.37
9244800.00       3.57
9331200.00       0.69
9417600.00       2.58
9504000.00       4.66
9590400.00       0.99
9676800.00       0.30
9763200.00       1.98
9849600.00      19.83
9936000.00       7.04
10022400.00       6.74
10108800.00       7.63
10195200.00       5.15
10281600.00       0.99
10368000.00       1.88
10454400.00       2.68
10540800.00       0.00
10627200.00      12.99
10713600.00       0.00
10800000.00       0.00
10886400.00       6.94
10972800.00       0.10
11059200.00       0.69
11145600.00       1.59
11232000.00       0.00
11318400.00       0.00
11404800.00       0.99
11491200.00       1.39
11577600.00       2.58
11664000.00       0.69
11750400.00       0.40
11836800.00       0.79
11923200.00      15.97
12009600.00       3.07
12096000.00       0.00
12182400.00       0.00
12268800.00       0.00
12355200.00       0.00
12441600.00       2.88
12528000.00      12.60
12614400.00       0.10
12700800.00       0.00
12787200.00       0.00
12873600.00       0.00
12960000.00       0.20
13046400.00      21.13
13132800.00       0.10
13219200.00       1.60
13305600.00       0.00
13392000.00       0.00
13478400.00       0.10
13564800.00       0.30
13651200.00       0.10
13737600.00       2.90
13824000.00       0.00
13910400.00       0.00
13996800.00       0.00
14083200.00       0.20
14169600.00       0.00
14256000.00       0.00
14342400.00       0.00
14428800.00       0.00
14515200.00       0.00
14601600.00       0.00
14688000.00       0.00
14774400.00       0.00
14860800.00       0.00
14947200.00       0.10
15033600.00       3.30
15120000.00       5.10
15206400.00       0.00
15292800.00       0.00
15379200.00       0.00
15465600.00       0.00
15552000.00       0.00
15638400.00       0.00
15724800.00       0.00
15811200.00       0.00
