      0.00       0.07
  86400.00       0.17
 172800.00       2.95
 259200.00      11.54
 345600.00       3.67
 432000.00       0.09
 518400.00       3.71
 604800.00       0.02
 691200.00       0.00
 777600.00       0.04
 864000.00       0.12
 950400.00       0.09
1036800.00       0.01
1123200.00       0.17
1209600.00       0.00
1296000.00       0.31
1382400.00       4.27
1468800.00       0.20
1555200.00       0.06
1641600.00       0.01
1728000.00       0.04
1814400.00       0.04
1900800.00       0.08
1987200.00       0.04
2073600.00       0.06
2160000.00       0.03
2246400.00       0.00
2332800.00       0.00
2419200.00       0.01
2505600.00       0.01
2592000.00       0.05
2678400.00       0.01
2764800.00       0.00
2851200.00       3.34
2937600.00       1.23
3024000.00       0.03
3110400.00       0.07
3196800.00       0.87
3283200.00       1.68
3369600.00       6.58
3456000.00       1.05
3542400.00       2.69
3628800.00       2.79
3715200.00       0.57
3801600.00       0.36
3888000.00       0.29
3974400.00       2.65
4060800.00       5.42
4147200.00       7.47
4233600.00       4.48
4320000.00       4.35
4406400.00       0.91
4492800.00       3.50
4579200.00      10.25
4665600.00      10.29
4752000.00      11.88
4838400.00       1.89
4924800.00       5.04
5011200.00      22.79
5097600.00       5.97
5184000.00      11.53
5270400.00       0.42
5356800.00       6.82
5443200.00       0.88
5529600.00       1.69
5616000.00       0.96
5702400.00       0.42
5788800.00       5.88
5875200.00       2.77
5961600.00      10.24
6048000.00       2.95
6134400.00       0.00
6220800.00       0.01
6307200.00       0.22
6393600.00       4.62
6480000.00       1.67
6566400.00       0.03
6652800.00       0.04
6739200.00       0.70
6825600.00       0.28
6912000.00       0.02
6998400.00       0.01
7084800.00       0.02
7171200.00       0.00
7257600.00       0.00
7344000.00       0.00
7430400.00       0.00
7516800.00       0.00
7603200.00       0.49
7689600.00       0.00
7776000.00       0.44
7862400.00       0.01
7948800.00       0.69
8035200.00      10.31
8121600.00      10.24
8208000.00       0.09
8294400.00       9.06
8380800.00       2.89
8467200.00      13.74
8553600.00       0.73
8640000.00       0.06
8726400.00      24.03
8812800.00      19.45
8899200.00       1.11
8985600.00       0.00
9072000.00       6.28
9158400.00       1.63
9244800.00       0.19
9331200.00       3.59
9417600.00       0.03
9504000.00       0.00
9590400.00       7.52
9676800.00       2.71
9763200.00       1.22
9849600.00      12.70
9936000.00       0.59
10022400.00       0.00
10108800.00       0.18
10195200.00       0.17
10281600.00       0.17
10368000.00       1.17
10454400.00       0.65
10540800.00       0.98
10627200.00       6.50
10713600.00       6.87
10800000.00       1.43
10886400.00       3.25
10972800.00       8.52
11059200.00      14.06
11145600.00       3.17
11232000.00       0.48
11318400.00       4.77
11404800.00       7.74
11491200.00      11.42
11577600.00       6.95
11664000.00       7.10
11750400.00       0.75
11836800.00       2.21
11923200.00       0.49
12009600.00       2.23
12096000.00       1.57
12182400.00       3.22
12268800.00       0.06
12355200.00       0.00
12441600.00       0.00
12528000.00       0.01
12614400.00       0.01
12700800.00       0.50
12787200.00       0.53
12873600.00       0.12
12960000.00       3.73
13046400.00       2.76
13132800.00       0.51
13219200.00       1.77
13305600.00       1.88
13392000.00       2.19
13478400.00       1.37
13564800.00       2.95
13651200.00       3.56
13737600.00       1.13
13824000.00       0.29
13910400.00       0.04
13996800.00       0.01
14083200.00       0.00
14169600.00       0.08
14256000.00       4.35
14342400.00       0.10
14428800.00       2.44
14515200.00       0.56
14601600.00       0.00
14688000.00       0.06
14774400.00       0.11
14860800.00       0.01
14947200.00       0.36
15033600.00       0.01
15120000.00       0.00
15206400.00       4.18
15292800.00       5.51
15379200.00       0.04
15465600.00       2.59
15552000.00       0.15
15638400.00       5.52
15724800.00       1.18
15811200.00       0.04
