      0.00       0.06
  86400.00       0.23
 172800.00      16.68
 259200.00       2.24
 345600.00       0.72
 432000.00       0.05
 518400.00       0.52
 604800.00       2.78
 691200.00       4.35
 777600.00       1.14
 864000.00       0.08
 950400.00       0.11
1036800.00       0.05
1123200.00       0.00
1209600.00       0.05
1296000.00       0.11
1382400.00       0.03
1468800.00       0.07
1555200.00       0.12
1641600.00       0.09
1728000.00       0.00
1814400.00       0.03
1900800.00       1.96
1987200.00       2.63
2073600.00       1.52
2160000.00       1.10
2246400.00       0.78
2332800.00       1.16
2419200.00       0.04
2505600.00       0.00
2592000.00       0.03
2678400.00       0.05
2764800.00       0.03
2851200.00       0.27
2937600.00       0.04
3024000.00       0.00
3110400.00       0.13
3196800.00       3.42
3283200.00       0.81
3369600.00       1.05
3456000.00       4.36
3542400.00       1.03
3628800.00       0.05
3715200.00       0.05
3801600.00       3.26
3888000.00       1.44
3974400.00       5.66
4060800.00       4.15
4147200.00       0.01
4233600.00       0.00
4320000.00       0.08
4406400.00       0.01
4492800.00       0.00
4579200.00       0.10
4665600.00       1.24
4752000.00       0.04
4838400.00       2.22
4924800.00       6.32
5011200.00       0.65
5097600.00       0.06
5184000.00       0.69
5270400.00       0.06
5356800.00       0.15
5443200.00       0.00
5529600.00       0.08
5616000.00       0.00
5702400.00       0.00
5788800.00       0.90
5875200.00       0.87
5961600.00       0.00
6048000.00       0.00
6134400.00       0.00
6220800.00       0.54
6307200.00       0.64
6393600.00       6.30
6480000.00       4.89
6566400.00       1.92
6652800.00       3.67
6739200.00       1.16
6825600.00       0.15
6912000.00       0.05
6998400.00       0.00
7084800.00       0.02
7171200.00       0.02
7257600.00       1.00
7344000.00       9.15
7430400.00       0.96
7516800.00       2.65
7603200.00       0.12
7689600.00       0.02
7776000.00       0.00
7862400.00       0.00
7948800.00       0.00
8035200.00       0.00
8121600.00       0.00
8208000.00       0.07
8294400.00       2.41
8380800.00      11.69
8467200.00       1.89
8553600.00       4.99
8640000.00       1.18
8726400.00       2.30
8812800.00       0.26
8899200.00       0.00
8985600.00       0.39
9072000.00       0.00
9158400.00       2.10
9244800.00       0.03
9331200.00       0.39
9417600.00       0.02
9504000.00       0.52
9590400.00       0.09
9676800.00       0.01
9763200.00       0.00
9849600.00       0.00
9936000.00       0.00
10022400.00       3.90
10108800.00       0.92
10195200.00       1.78
10281600.00       0.04
10368000.00       0.00
10454400.00       0.18
10540800.00       0.03
10627200.00       1.77
10713600.00       0.08
10800000.00       0.55
10886400.00       0.30
10972800.00       6.34
11059200.00      10.21
11145600.00       0.89
11232000.00       0.07
11318400.00       0.62
11404800.00       8.20
11491200.00       0.13
11577600.00       0.73
11664000.00       2.61
11750400.00       0.35
11836800.00      10.02
11923200.00       4.74
12009600.00       0.60
12096000.00       1.19
12182400.00       1.27
12268800.00       2.01
12355200.00       0.46
12441600.00       2.91
12528000.00       5.87
12614400.00       0.14
12700800.00       4.63
12787200.00       1.63
12873600.00       0.61
12960000.00       6.83
13046400.00       1.95
13132800.00       0.30
13219200.00       3.85
13305600.00       0.08
13392000.00       0.32
13478400.00       0.41
13564800.00       3.33
13651200.00      13.01
13737600.00       0.15
13824000.00       0.05
13910400.00       0.02
13996800.00       0.48
14083200.00       0.03
14169600.00       3.83
14256000.00       0.04
14342400.00       0.03
14428800.00       0.09
14515200.00       0.01
14601600.00       0.01
14688000.00       0.01
14774400.00       0.07
14860800.00       0.14
14947200.00       1.34
15033600.00       0.02
15120000.00       0.01
15206400.00       0.01
15292800.00       1.92
15379200.00       1.24
15465600.00       0.17
15552000.00       2.11
15638400.00       0.06
15724800.00       0.23
15811200.00       0.00
