      0.00       0.60
  86400.00       0.00
 172800.00       0.00
 259200.00       8.18
 345600.00       0.40
 432000.00       1.10
 518400.00       0.00
 604800.00       3.59
 691200.00       0.00
 777600.00       0.40
 864000.00       5.39
 950400.00       0.10
1036800.00       0.10
1123200.00       0.20
1209600.00       0.20
1296000.00       1.99
1382400.00       0.60
1468800.00       0.60
1555200.00       0.10
1641600.00       0.00
1728000.00       5.29
1814400.00       2.19
1900800.00       0.40
1987200.00       0.60
2073600.00       1.99
2160000.00       0.20
2246400.00       1.80
2332800.00       1.50
2419200.00       0.60
2505600.00       0.00
2592000.00       0.00
2678400.00       7.89
2764800.00       1.20
2851200.00       8.29
2937600.00       5.99
3024000.00       9.59
3110400.00       0.60
3196800.00       0.00
3283200.00       0.00
3369600.00       0.00
3456000.00       0.00
3542400.00       0.00
3628800.00       0.00
3715200.00       1.30
3801600.00       0.70
3888000.00       0.00
3974400.00       1.50
4060800.00       0.20
4147200.00       0.00
4233600.00       0.00
4320000.00       0.00
4406400.00       0.10
4492800.00       0.30
4579200.00       3.40
4665600.00       2.10
4752000.00       2.10
4838400.00       0.40
4924800.00       1.30
5011200.00       1.10
5097600.00       6.99
5184000.00      19.77
5270400.00       7.02
5356800.00       0.20
5443200.00       0.00
5529600.00       0.60
5616000.00       3.01
5702400.00       0.10
5788800.00       0.00
5875200.00       0.00
5961600.00       0.00
6048000.00       0.00
6134400.00       0.00
6220800.00       0.10
6307200.00       0.00
6393600.00       2.51
6480000.00      13.64
6566400.00       2.81
6652800.00       2.21
6739200.00       1.00
6825600.00       0.00
6912000.00       0.10
6998400.00       0.00
7084800.00       0.00
7171200.00       0.00
7257600.00       0.00
7344000.00       0.00
7430400.00       0.00
7516800.00       0.00
7603200.00       0.00
7689600.00       0.00
7776000.00       0.00
7862400.00       0.00
7948800.00       0.00
8035200.00       0.00
8121600.00       0.00
8208000.00       0.00
8294400.00       0.00
8380800.00       0.00
8467200.00       0.00
8553600.00       0.00
8640000.00       0.00
8726400.00       6.92
8812800.00       2.61
8899200.00       1.70
8985600.00       0.30
9072000.00       1.00
9158400.00       9.12
9244800.00       3.71
9331200.00       0.00
9417600.00       2.71
9504000.00       0.00
9590400.00       4.51
9676800.00       3.11
9763200.00       2.51
9849600.00       0.10
9936000.00       1.00
10022400.00       0.00
10108800.00       0.00
10195200.00       0.60
10281600.00       0.90
10368000.00       0.10
10454400.00       1.30
10540800.00       0.40
10627200.00       0.20
10713600.00       0.20
10800000.00       2.80
10886400.00       1.20
10972800.00       7.61
11059200.00       0.70
11145600.00       1.00
11232000.00       0.00
11318400.00       0.00
11404800.00       0.00
11491200.00       0.00
11577600.00       2.50
11664000.00       1.30
11750400.00       2.30
11836800.00       4.51
11923200.00       1.00
12009600.00       9.51
12096000.00       6.31
12182400.00       6.71
12268800.00       8.21
12355200.00       0.80
12441600.00       3.50
12528000.00       2.20
12614400.00       4.21
12700800.00       0.00
12787200.00       0.10
12873600.00       0.70
12960000.00       2.80
13046400.00       0.00
13132800.00       1.20
13219200.00       2.50
13305600.00      11.30
13392000.00       7.30
13478400.00      12.60
13564800.00       4.00
13651200.00       1.50
13737600.00       1.20
13824000.00       2.20
13910400.00       2.20
13996800.00       3.80
14083200.00       0.00
14169600.00       0.00
14256000.00       0.00
14342400.00       0.00
14428800.00       0.00
14515200.00       0.00
14601600.00       0.00
14688000.00       0.00
14774400.00       0.00
14860800.00       4.20
14947200.00       5.90
15033600.00       0.00
15120000.00       0.10
15206400.00       0.00
15292800.00       1.50
15379200.00       0.60
15465600.00       0.00
15552000.00       0.00
15638400.00       0.00
15724800.00       0.00
15811200.00       2.80
