      0.00       2.17
  86400.00       0.22
 172800.00       0.00
 259200.00       0.00
 345600.00       1.38
 432000.00      19.45
 518400.00       3.03
 604800.00       9.53
 691200.00       4.56
 777600.00       0.51
 864000.00      34.06
 950400.00      13.81
1036800.00      11.06
1123200.00       2.81
1209600.00       3.95
1296000.00       7.16
1382400.00       9.54
1468800.00       3.84
1555200.00      31.45
1641600.00       1.67
1728000.00      29.04
1814400.00       1.74
1900800.00       0.16
1987200.00       0.08
2073600.00       2.53
2160000.00       2.17
2246400.00       0.07
2332800.00       0.08
2419200.00       0.09
2505600.00       0.11
2592000.00       0.60
2678400.00       0.10
2764800.00       0.52
2851200.00       2.68
2937600.00       1.10
3024000.00       1.12
3110400.00       4.43
3196800.00      17.12
3283200.00       2.27
3369600.00       7.85
3456000.00       2.45
3542400.00       3.03
3628800.00      14.04
3715200.00       5.28
3801600.00       1.32
3888000.00       1.43
3974400.00       0.09
4060800.00       0.06
4147200.00       0.08
4233600.00       0.09
4320000.00       0.33
4406400.00       0.17
4492800.00       0.19
4579200.00       4.64
4665600.00       2.46
4752000.00       2.48
4838400.00       2.10
4924800.00       0.62
5011200.00       1.61
5097600.00       0.02
5184000.00       1.76
5270400.00       0.01
5356800.00       0.00
5443200.00       0.03
5529600.00       0.19
5616000.00       4.81
5702400.00       0.15
5788800.00      25.34
5875200.00       2.57
5961600.00       1.53
6048000.00       5.88
6134400.00       0.90
6220800.00       0.68
6307200.00      24.12
6393600.00       6.79
6480000.00      11.98
6566400.00       6.49
6652800.00       0.24
6739200.00       1.49
6825600.00       4.38
6912000.00       1.37
6998400.00       2.32
7084800.00      10.46
7171200.00       1.15
7257600.00       2.59
7344000.00       1.73
7430400.00       0.66
7516800.00       0.04
7603200.00       0.01
7689600.00       1.78
7776000.00       0.08
7862400.00       2.96
7948800.00       1.32
8035200.00       0.99
8121600.00       0.44
8208000.00       0.22
8294400.00       0.05
8380800.00       0.02
8467200.00       0.02
8553600.00       0.00
8640000.00       0.01
8726400.00       0.03
8812800.00       0.84
8899200.00       0.02
8985600.00       0.00
9072000.00       1.20
9158400.00       3.27
9244800.00       3.39
9331200.00       0.36
9417600.00       0.07
9504000.00       1.97
9590400.00       0.03
9676800.00       0.02
9763200.00       0.44
9849600.00       0.03
9936000.00       0.15
10022400.00       0.40
10108800.00       0.71
10195200.00       0.65
10281600.00       0.04
10368000.00       0.41
10454400.00       0.09
10540800.00       0.16
10627200.00       4.37
10713600.00       0.02
10800000.00       0.96
10886400.00       7.31
10972800.00       0.82
11059200.00       2.90
11145600.00       3.61
11232000.00       2.28
11318400.00       0.11
11404800.00       0.66
11491200.00      10.57
11577600.00       2.91
11664000.00       0.64
11750400.00       0.04
11836800.00       1.24
11923200.00       0.44
12009600.00       0.29
12096000.00       3.78
12182400.00       2.24
12268800.00       0.36
12355200.00       0.06
12441600.00       0.54
12528000.00       0.11
12614400.00       1.08
12700800.00       6.64
12787200.00       0.85
12873600.00       0.19
12960000.00       0.11
13046400.00       0.12
13132800.00       0.01
13219200.00       0.01
13305600.00       1.36
13392000.00       0.23
13478400.00       0.01
13564800.00       0.39
13651200.00       0.10
13737600.00       0.07
13824000.00       0.04
13910400.00       6.09
13996800.00       0.74
14083200.00       0.79
14169600.00       5.58
14256000.00       2.46
14342400.00       0.09
14428800.00       0.01
14515200.00       0.93
14601600.00       0.34
14688000.00       0.13
14774400.00       4.36
14860800.00       8.32
14947200.00       0.51
15033600.00       5.39
15120000.00       0.63
15206400.00       0.26
15292800.00       0.90
15379200.00       1.02
15465600.00       2.22
15552000.00       0.04
15638400.00       0.27
15724800.00       1.35
15811200.00       0.05
15897600.00       0.42
15984000.00       1.40
