      0.00       0.23
  86400.00       0.30
 172800.00       0.19
 259200.00       0.06
 345600.00       0.05
 432000.00       2.45
 518400.00      16.66
 604800.00       9.35
 691200.00       5.43
 777600.00       0.24
 864000.00       0.00
 950400.00       0.79
1036800.00       2.10
1123200.00       1.30
1209600.00       0.03
1296000.00       0.14
1382400.00       6.85
1468800.00       0.28
1555200.00       0.01
1641600.00      10.25
1728000.00       8.17
1814400.00      34.46
1900800.00       3.00
1987200.00       1.09
2073600.00       0.45
2160000.00       5.50
2246400.00       0.60
2332800.00       1.03
2419200.00       0.87
2505600.00       0.01
2592000.00       0.14
2678400.00       0.08
2764800.00       1.50
2851200.00       1.58
2937600.00       0.80
3024000.00       7.72
3110400.00       6.81
3196800.00       5.23
3283200.00       0.62
3369600.00       0.17
3456000.00       0.68
3542400.00       0.28
3628800.00       0.42
3715200.00       0.01
3801600.00       0.02
3888000.00       2.80
3974400.00       2.19
4060800.00       1.79
4147200.00      10.57
4233600.00      19.45
4320000.00       1.52
4406400.00      14.61
4492800.00       0.04
4579200.00       0.03
4665600.00       0.14
4752000.00       0.72
4838400.00       2.29
4924800.00       0.08
5011200.00       0.02
5097600.00       0.07
5184000.00       0.25
5270400.00       0.02
5356800.00       0.08
5443200.00       0.14
5529600.00       0.16
5616000.00       0.01
5702400.00       1.16
5788800.00       5.74
5875200.00       6.85
5961600.00       0.37
6048000.00       2.43
6134400.00       4.80
6220800.00       4.29
6307200.00       1.60
6393600.00       0.11
6480000.00       2.53
6566400.00       1.29
6652800.00       0.09
6739200.00       0.57
6825600.00       9.34
6912000.00       2.16
6998400.00       3.38
7084800.00       6.02
7171200.00       7.17
7257600.00       2.61
7344000.00       4.35
7430400.00       2.88
7516800.00       1.24
7603200.00       0.89
7689600.00       0.02
7776000.00       0.78
7862400.00       0.10
7948800.00       0.05
8035200.00       0.09
8121600.00       0.02
8208000.00       0.03
8294400.00       7.23
8380800.00       5.59
8467200.00      10.24
8553600.00       1.57
8640000.00       3.24
8726400.00       5.80
8812800.00       9.82
8899200.00       2.21
8985600.00       0.00
9072000.00       0.08
9158400.00       0.02
9244800.00       1.14
9331200.00       2.39
9417600.00       0.14
9504000.00      11.47
9590400.00       0.96
9676800.00       1.68
9763200.00       0.03
9849600.00       0.02
9936000.00       0.40
10022400.00       0.52
10108800.00       3.35
10195200.00       7.68
10281600.00       1.95
10368000.00       3.39
10454400.00       3.00
10540800.00       4.74
10627200.00       0.06
10713600.00       1.59
10800000.00       0.63
10886400.00       0.34
10972800.00       1.05
11059200.00       0.02
11145600.00       0.80
11232000.00       0.09
11318400.00       0.07
11404800.00       0.03
11491200.00       0.05
11577600.00       0.07
11664000.00       0.02
11750400.00       0.89
11836800.00       0.22
11923200.00       0.03
12009600.00       0.13
12096000.00       0.20
12182400.00       0.02
12268800.00       0.07
12355200.00       0.03
12441600.00       0.05
12528000.00       0.20
12614400.00       0.03
12700800.00       0.92
12787200.00       0.29
12873600.00       0.15
12960000.00       0.96
13046400.00       0.74
13132800.00       3.69
13219200.00       1.80
13305600.00       0.10
13392000.00       0.84
13478400.00       0.01
13564800.00       1.33
13651200.00       0.08
13737600.00      10.35
13824000.00       3.30
13910400.00       0.32
13996800.00       0.03
14083200.00       0.70
14169600.00       3.07
14256000.00       3.13
14342400.00       5.79
14428800.00       0.07
14515200.00       0.01
14601600.00       0.00
14688000.00       0.00
14774400.00       0.00
14860800.00       0.01
14947200.00       0.24
15033600.00       0.07
15120000.00       0.04
15206400.00       0.07
15292800.00       0.11
15379200.00       1.25
15465600.00       0.47
15552000.00      17.69
15638400.00      21.39
15724800.00       1.45
15811200.00       0.04
15897600.00       0.18
15984000.00       0.01
