      0.00       0.00
  86400.00       0.00
 172800.00       0.00
 259200.00       0.00
 345600.00       0.50
 432000.00       0.10
 518400.00       1.50
 604800.00       4.51
 691200.00       0.10
 777600.00       0.10
 864000.00       0.00
 950400.00       0.00
1036800.00       0.00
1123200.00       0.00
1209600.00       0.00
1296000.00       0.00
1382400.00       0.00
1468800.00       0.00
1555200.00       0.00
1641600.00       0.00
1728000.00       0.60
1814400.00       6.52
1900800.00       0.20
1987200.00       0.00
2073600.00       0.30
2160000.00       2.81
2246400.00       6.32
2332800.00       4.71
2419200.00       8.52
2505600.00       2.21
2592000.00       2.91
2678400.00       2.91
2764800.00       4.42
2851200.00       4.42
2937600.00       0.30
3024000.00       0.00
3110400.00       3.82
3196800.00       1.41
3283200.00       1.31
3369600.00       2.21
3456000.00       6.43
3542400.00       1.31
3628800.00       0.00
3715200.00       4.02
3801600.00       5.02
3888000.00       1.21
3974400.00       4.92
4060800.00       0.80
4147200.00       0.00
4233600.00       0.00
4320000.00       2.71
4406400.00       2.01
4492800.00       0.10
4579200.00       0.40
4665600.00       0.00
4752000.00       0.10
4838400.00       4.12
4924800.00       5.12
5011200.00       0.80
5097600.00       2.31
5184000.00       2.31
5270400.00      20.82
5356800.00       1.30
5443200.00       2.30
5529600.00       0.00
5616000.00       0.40
5702400.00       0.60
5788800.00       1.10
5875200.00       4.90
5961600.00       9.91
6048000.00       2.20
6134400.00       0.40
6220800.00       1.80
6307200.00       1.60
6393600.00       0.70
6480000.00      13.21
6566400.00       3.00
6652800.00       0.00
6739200.00       0.50
6825600.00       0.10
6912000.00       3.60
6998400.00      25.12
7084800.00       1.50
7171200.00       6.91
7257600.00       0.00
7344000.00       0.10
7430400.00       1.10
7516800.00       7.31
7603200.00       3.30
7689600.00       5.50
7776000.00       0.10
7862400.00       0.50
7948800.00       0.50
8035200.00       0.20
8121600.00       3.91
8208000.00       2.61
8294400.00       0.30
8380800.00       0.00
8467200.00       0.00
8553600.00       0.00
8640000.00       0.00
8726400.00       0.50
8812800.00       1.00
8899200.00       0.00
8985600.00       0.00
9072000.00       0.00
9158400.00       0.00
9244800.00       0.00
9331200.00       0.00
9417600.00       0.00
9504000.00       0.00
9590400.00       0.00
9676800.00       0.00
9763200.00       0.00
9849600.00       0.00
9936000.00       0.00
10022400.00       0.10
10108800.00       0.00
10195200.00       0.40
10281600.00       0.20
10368000.00       1.81
10454400.00      18.86
10540800.00       0.60
10627200.00       0.00
10713600.00       0.00
10800000.00       0.10
10886400.00       4.01
10972800.00       0.40
11059200.00       1.60
11145600.00       0.00
11232000.00       0.00
11318400.00       0.00
11404800.00      10.33
11491200.00       0.00
11577600.00       4.51
11664000.00       0.00
11750400.00       0.50
11836800.00       0.40
11923200.00       1.10
12009600.00       0.40
12096000.00       0.00
12182400.00       0.50
12268800.00       0.60
12355200.00       5.52
12441600.00       1.70
12528000.00      16.65
12614400.00      11.03
12700800.00       2.51
12787200.00       3.11
12873600.00       3.91
12960000.00       0.40
13046400.00       1.00
13132800.00       2.31
13219200.00       2.80
13305600.00       0.40
13392000.00       0.00
13478400.00       0.00
13564800.00       0.10
13651200.00       0.00
13737600.00       0.00
13824000.00       0.00
13910400.00       0.00
13996800.00       0.00
14083200.00       7.10
14169600.00       0.50
14256000.00       0.10
14342400.00       2.40
14428800.00       0.10
14515200.00       0.00
14601600.00       0.00
14688000.00       0.00
14774400.00       0.00
14860800.00      14.10
14947200.00      10.00
15033600.00       3.30
15120000.00       0.00
15206400.00       0.00
15292800.00       0.00
15379200.00       0.60
15465600.00       0.00
15552000.00       1.40
15638400.00       4.00
15724800.00       0.80
15811200.00       0.00
