      0.00       0.00
  86400.00       1.82
 172800.00       2.17
 259200.00       3.61
 345600.00       1.73
 432000.00       2.83
 518400.00       4.21
 604800.00       0.08
 691200.00       7.59
 777600.00       1.40
 864000.00       4.42
 950400.00       3.57
1036800.00       0.39
1123200.00       7.88
1209600.00       1.00
1296000.00       1.05
1382400.00       0.33
1468800.00       0.26
1555200.00       0.42
1641600.00       0.02
1728000.00       0.04
1814400.00       0.31
1900800.00       2.84
1987200.00       0.16
2073600.00       0.02
2160000.00       4.94
2246400.00       7.78
2332800.00       7.21
2419200.00       7.23
2505600.00      13.59
2592000.00       1.39
2678400.00      11.87
2764800.00       4.86
2851200.00       1.12
2937600.00       1.94
3024000.00       0.00
3110400.00       0.06
3196800.00       2.92
3283200.00       5.62
3369600.00       7.29
3456000.00       5.86
3542400.00       0.28
3628800.00       1.30
3715200.00       0.03
3801600.00       0.16
3888000.00       0.88
3974400.00       0.00
4060800.00       0.03
4147200.00       0.00
4233600.00       0.00
4320000.00       0.00
4406400.00       5.08
4492800.00       0.01
4579200.00       0.01
4665600.00       0.66
4752000.00       1.40
4838400.00       1.91
4924800.00       8.41
5011200.00       0.47
5097600.00       9.74
5184000.00       7.02
5270400.00       1.04
5356800.00       5.39
5443200.00       0.00
5529600.00       0.00
5616000.00       0.00
5702400.00       0.00
5788800.00       0.00
5875200.00       0.00
5961600.00       1.25
6048000.00       0.02
6134400.00       0.10
6220800.00       9.44
6307200.00       0.00
6393600.00       0.00
6480000.00       0.00
6566400.00       0.00
6652800.00       0.00
6739200.00       0.00
6825600.00       0.00
6912000.00       0.00
6998400.00       1.12
7084800.00       0.75
7171200.00       4.21
7257600.00       4.24
7344000.00       0.10
7430400.00       4.37
7516800.00       0.85
7603200.00       1.64
7689600.00      15.88
7776000.00       0.72
7862400.00       2.30
7948800.00       0.61
8035200.00       0.00
8121600.00       0.00
8208000.00       0.11
8294400.00       0.00
8380800.00       0.37
8467200.00       0.04
8553600.00       0.00
8640000.00       0.09
8726400.00       0.00
8812800.00       0.00
8899200.00       0.14
8985600.00       0.06
9072000.00       0.10
9158400.00       0.01
9244800.00       0.37
9331200.00       0.16
9417600.00       0.05
9504000.00       0.01
9590400.00       0.00
9676800.00       0.00
9763200.00       0.00
9849600.00       0.00
9936000.00       0.00
10022400.00       0.00
10108800.00       0.00
10195200.00       0.00
10281600.00       0.00
10368000.00       0.00
10454400.00       0.00
10540800.00       0.35
10627200.00       0.00
10713600.00       0.00
10800000.00       0.18
10886400.00       0.01
10972800.00       0.00
11059200.00       0.00
11145600.00       0.00
11232000.00       0.00
11318400.00       0.00
11404800.00       0.00
11491200.00       1.14
11577600.00       1.29
11664000.00       0.00
11750400.00       0.00
11836800.00       0.00
11923200.00       0.00
12009600.00       0.00
12096000.00       0.00
12182400.00       1.26
12268800.00       0.00
12355200.00       0.00
12441600.00       0.00
12528000.00       0.00
12614400.00       0.00
12700800.00       0.14
12787200.00       5.58
12873600.00       5.49
12960000.00       7.24
13046400.00       3.73
13132800.00       0.00
13219200.00       0.00
13305600.00       0.00
13392000.00       0.00
13478400.00       0.00
13564800.00       0.00
13651200.00       0.00
13737600.00       1.98
13824000.00       1.06
13910400.00      10.49
13996800.00      18.09
14083200.00       0.87
14169600.00       3.53
14256000.00       0.77
14342400.00       0.00
14428800.00       2.42
14515200.00       8.03
14601600.00       0.00
14688000.00       0.00
14774400.00       0.00
14860800.00       0.06
14947200.00       0.00
15033600.00       0.45
15120000.00       1.03
15206400.00       4.26
15292800.00       0.29
15379200.00      16.52
15465600.00       0.01
15552000.00       4.12
15638400.00       3.40
15724800.00       0.00
15811200.00       0.00
