      0.00       0.10
  86400.00       0.00
 172800.00       1.20
 259200.00       0.60
 345600.00       0.00
 432000.00       0.00
 518400.00       0.00
 604800.00       0.10
 691200.00      13.74
 777600.00       2.11
 864000.00       1.00
 950400.00       0.20
1036800.00       0.00
1123200.00       4.91
1209600.00       3.01
1296000.00       0.00
1382400.00       5.51
1468800.00       1.70
1555200.00       1.60
1641600.00       0.00
1728000.00       0.00
1814400.00       0.00
1900800.00       0.00
1987200.00       1.40
2073600.00       0.00
2160000.00       0.00
2246400.00       0.00
2332800.00       0.40
2419200.00       0.00
2505600.00       0.00
2592000.00       0.00
2678400.00       0.00
2764800.00       0.00
2851200.00       0.00
2937600.00       0.00
3024000.00       0.00
3110400.00       0.00
3196800.00       0.00
3283200.00       0.00
3369600.00       0.00
3456000.00       1.40
3542400.00       1.10
3628800.00       0.50
3715200.00       0.00
3801600.00       0.00
3888000.00       0.00
3974400.00       0.00
4060800.00       0.00
4147200.00       0.10
4233600.00       0.10
4320000.00       0.00
4406400.00       0.00
4492800.00       0.00
4579200.00       0.00
4665600.00       0.00
4752000.00       5.00
4838400.00       0.00
4924800.00       4.80
5011200.00       0.10
5097600.00       0.00
5184000.00       0.00
5270400.00       2.31
5356800.00       2.71
5443200.00       0.00
5529600.00       0.10
5616000.00       0.20
5702400.00       0.00
5788800.00       0.00
5875200.00       0.00
5961600.00       3.21
6048000.00       3.11
6134400.00       3.51
6220800.00       0.50
6307200.00       2.81
6393600.00       0.00
6480000.00       0.00
6566400.00       0.00
6652800.00       0.00
6739200.00       0.00
6825600.00       0.00
6912000.00       0.00
6998400.00       0.00
7084800.00       0.10
7171200.00      10.03
7257600.00       0.20
7344000.00       0.00
7430400.00       0.00
7516800.00       0.00
7603200.00       0.40
7689600.00       0.00
7776000.00       1.20
7862400.00       0.00
7948800.00       0.00
8035200.00       2.60
8121600.00       0.00
8208000.00       0.00
8294400.00       0.70
8380800.00       0.10
8467200.00       6.79
8553600.00       4.29
8640000.00       3.40
8726400.00       0.30
8812800.00       0.00
8899200.00       0.00
8985600.00       0.00
9072000.00       0.00
9158400.00       0.00
9244800.00      13.48
9331200.00       0.20
9417600.00       0.00
9504000.00       0.00
9590400.00       0.00
9676800.00       0.00
9763200.00       0.00
9849600.00       0.00
9936000.00       0.00
10022400.00       9.89
10108800.00      18.87
10195200.00       4.49
10281600.00       3.50
10368000.00       1.10
10454400.00       0.90
10540800.00       0.10
10627200.00       9.48
10713600.00       0.10
10800000.00       1.20
10886400.00       0.10
10972800.00       0.00
11059200.00       0.00
11145600.00       0.00
11232000.00       0.20
11318400.00       0.70
11404800.00       0.60
11491200.00       5.29
11577600.00       4.69
11664000.00       2.79
11750400.00       8.48
11836800.00       3.79
11923200.00       0.10
12009600.00       0.00
12096000.00       0.10
12182400.00       0.10
12268800.00       0.00
12355200.00       0.40
12441600.00       0.30
12528000.00       4.89
12614400.00       0.20
12700800.00       0.20
12787200.00       0.00
12873600.00       0.10
12960000.00       0.00
13046400.00       0.00
13132800.00       0.30
13219200.00       0.10
13305600.00       0.00
13392000.00      13.78
13478400.00       7.39
13564800.00       0.00
13651200.00       0.00
13737600.00       1.00
13824000.00       6.79
13910400.00       5.89
13996800.00       3.90
14083200.00      10.09
14169600.00       2.10
14256000.00       1.00
14342400.00       0.20
14428800.00       0.50
14515200.00       0.10
14601600.00       2.10
14688000.00       4.10
14774400.00       0.00
14860800.00       0.00
14947200.00       0.00
15033600.00       0.00
15120000.00       0.00
15206400.00       0.00
15292800.00      14.98
15379200.00       1.70
15465600.00       0.00
15552000.00       0.00
15638400.00       0.00
15724800.00       7.49
15811200.00       4.89
