      0.00       3.22
  86400.00       0.16
 172800.00       0.22
 259200.00       0.02
 345600.00       1.04
 432000.00       2.31
 518400.00       4.89
 604800.00       0.93
 691200.00       1.21
 777600.00      49.22
 864000.00       1.22
 950400.00       1.14
1036800.00       0.65
1123200.00       0.85
1209600.00       0.11
1296000.00       0.09
1382400.00       0.38
1468800.00       0.81
1555200.00       0.18
1641600.00       4.85
1728000.00       0.22
1814400.00       0.19
1900800.00       2.43
1987200.00       0.68
2073600.00       8.98
2160000.00       8.12
2246400.00       3.21
2332800.00       0.37
2419200.00       1.61
2505600.00       7.21
2592000.00       2.80
2678400.00       1.63
2764800.00       0.13
2851200.00       0.05
2937600.00       1.96
3024000.00       0.06
3110400.00       0.03
3196800.00       0.00
3283200.00       0.01
3369600.00       0.01
3456000.00       0.00
3542400.00       0.01
3628800.00       0.04
3715200.00       0.41
3801600.00       0.11
3888000.00       0.14
3974400.00       0.05
4060800.00       0.13
4147200.00       0.14
4233600.00       3.61
4320000.00      16.27
4406400.00       3.45
4492800.00       1.87
4579200.00       2.19
4665600.00       4.21
4752000.00       0.48
4838400.00       0.55
4924800.00       1.03
5011200.00       0.35
5097600.00       0.15
5184000.00       1.37
5270400.00       6.22
5356800.00       0.49
5443200.00       1.14
5529600.00       1.46
5616000.00       0.03
5702400.00       1.11
5788800.00       0.02
5875200.00       0.00
5961600.00       0.00
6048000.00       0.43
6134400.00       0.08
6220800.00       0.01
6307200.00       0.19
6393600.00       3.85
6480000.00       0.38
6566400.00       0.02
6652800.00       0.00
6739200.00      19.43
6825600.00       0.73
6912000.00       4.33
6998400.00       1.19
7084800.00       0.01
7171200.00       0.04
7257600.00       0.03
7344000.00       0.00
7430400.00       0.00
7516800.00       0.00
7603200.00       0.00
7689600.00       0.00
7776000.00       0.03
7862400.00       0.26
7948800.00       0.11
8035200.00       0.01
8121600.00       1.05
8208000.00       0.20
8294400.00       4.75
8380800.00      10.08
8467200.00      12.60
8553600.00       4.00
8640000.00       0.34
8726400.00       0.19
8812800.00       0.04
8899200.00       0.03
8985600.00       1.73
9072000.00       1.66
9158400.00       2.19
9244800.00       0.28
9331200.00       0.01
9417600.00       0.04
9504000.00       0.05
9590400.00       0.03
9676800.00       0.00
9763200.00       0.00
9849600.00       0.01
9936000.00       0.00
10022400.00       0.20
10108800.00       4.42
10195200.00       0.07
10281600.00       0.05
10368000.00       0.08
10454400.00       0.14
10540800.00       0.01
10627200.00       0.09
10713600.00       0.03
10800000.00       0.06
10886400.00       0.00
10972800.00       0.47
11059200.00       0.07
11145600.00       0.06
11232000.00       0.01
11318400.00       0.00
11404800.00       0.11
11491200.00       0.25
11577600.00       0.07
11664000.00       0.03
11750400.00       0.29
11836800.00       0.03
11923200.00       0.01
12009600.00       0.05
12096000.00       0.09
12182400.00       1.06
12268800.00       0.06
12355200.00       0.01
12441600.00       0.02
12528000.00       0.01
12614400.00       0.00
12700800.00       0.00
12787200.00       0.17
12873600.00       3.35
12960000.00       8.04
13046400.00       0.00
13132800.00       0.00
13219200.00       0.00
13305600.00       0.01
13392000.00       0.01
13478400.00       0.38
13564800.00       0.02
13651200.00       0.01
13737600.00       0.19
13824000.00       3.51
13910400.00       0.02
13996800.00       0.00
14083200.00       0.00
14169600.00       0.00
14256000.00       0.00
14342400.00       0.00
14428800.00       0.00
14515200.00       0.36
14601600.00       0.01
14688000.00       0.01
14774400.00       0.00
14860800.00       0.00
14947200.00       0.01
15033600.00       4.98
15120000.00       0.04
15206400.00       0.24
15292800.00       6.69
15379200.00       3.81
15465600.00       2.84
15552000.00       2.60
15638400.00       0.33
15724800.00       0.04
15811200.00       0.01
15897600.00       0.02
15984000.00       0.03
