      0.00       1.56
  86400.00       0.64
 172800.00       0.95
 259200.00       0.07
 345600.00       0.20
 432000.00       5.65
 518400.00       0.49
 604800.00       2.98
 691200.00       1.42
 777600.00       0.12
 864000.00       0.06
 950400.00       0.07
1036800.00       3.29
1123200.00       8.06
1209600.00       2.40
1296000.00       0.40
1382400.00       0.40
1468800.00       0.45
1555200.00       1.31
1641600.00       8.51
1728000.00      10.30
1814400.00       0.09
1900800.00       2.90
1987200.00       4.69
2073600.00       0.19
2160000.00       7.50
2246400.00       1.33
2332800.00       0.17
2419200.00      12.04
2505600.00      10.42
2592000.00       0.24
2678400.00       0.11
2764800.00       6.39
2851200.00       2.02
2937600.00       4.70
3024000.00       0.19
3110400.00      18.73
3196800.00       2.40
3283200.00       3.76
3369600.00       3.44
3456000.00       0.75
3542400.00      13.22
3628800.00       4.64
3715200.00       5.88
3801600.00       0.62
3888000.00       0.11
3974400.00       0.03
4060800.00       0.00
4147200.00       0.00
4233600.00       0.12
4320000.00       6.24
4406400.00       1.88
4492800.00       0.15
4579200.00       0.11
4665600.00       0.07
4752000.00       3.83
4838400.00       3.52
4924800.00       0.09
5011200.00       0.36
5097600.00       1.05
5184000.00       1.34
5270400.00       0.48
5356800.00       0.14
5443200.00       2.64
5529600.00       4.69
5616000.00       0.08
5702400.00       0.58
5788800.00       2.10
5875200.00       5.14
5961600.00       1.40
6048000.00       4.14
6134400.00       0.09
6220800.00       0.06
6307200.00       0.69
6393600.00      14.92
6480000.00      13.29
6566400.00       1.62
6652800.00       4.99
6739200.00       2.64
6825600.00       5.12
6912000.00       1.86
6998400.00       2.59
7084800.00      11.15
7171200.00      10.67
7257600.00       8.62
7344000.00       1.55
7430400.00       8.59
7516800.00       4.18
7603200.00      20.39
7689600.00       1.97
7776000.00       0.06
7862400.00       0.04
7948800.00       0.08
8035200.00       2.20
8121600.00       0.76
8208000.00       3.90
8294400.00      13.81
8380800.00       0.81
8467200.00       0.97
8553600.00       0.29
8640000.00       0.03
8726400.00       0.02
8812800.00       0.01
8899200.00       1.01
8985600.00      12.83
9072000.00       0.09
9158400.00       0.04
9244800.00       0.88
9331200.00       0.16
9417600.00       0.72
9504000.00       0.62
9590400.00       0.22
9676800.00       1.46
9763200.00       0.19
9849600.00       2.91
9936000.00      10.36
10022400.00       0.04
10108800.00       0.38
10195200.00       0.04
10281600.00       0.02
10368000.00       0.56
10454400.00       0.06
10540800.00       0.04
10627200.00       0.58
10713600.00       8.18
10800000.00       0.08
10886400.00       0.01
10972800.00       0.00
11059200.00       0.00
11145600.00       0.92
11232000.00       9.47
11318400.00       0.10
11404800.00       0.02
11491200.00       0.57
11577600.00       5.10
11664000.00       2.32
11750400.00       3.12
11836800.00       4.05
11923200.00       0.02
12009600.00       0.03
12096000.00       0.11
12182400.00       0.19
12268800.00       0.00
12355200.00       0.63
12441600.00       0.08
12528000.00       0.03
12614400.00       0.01
12700800.00       0.01
12787200.00       0.00
12873600.00       0.01
12960000.00       0.03
13046400.00       0.04
13132800.00       0.00
13219200.00       0.00
13305600.00       0.00
13392000.00       0.08
13478400.00       0.51
13564800.00       4.40
13651200.00       6.89
13737600.00       3.14
13824000.00       1.58
13910400.00       0.40
13996800.00       3.29
14083200.00       0.12
14169600.00       0.74
14256000.00       0.36
14342400.00       0.03
14428800.00       0.77
14515200.00       0.04
14601600.00       0.35
14688000.00       0.42
14774400.00       2.75
14860800.00       0.08
14947200.00       0.17
15033600.00       0.28
15120000.00       0.05
15206400.00       0.02
15292800.00       0.00
15379200.00       0.00
15465600.00       0.00
15552000.00       0.03
15638400.00       0.08
15724800.00       0.01
15811200.00       0.00
15897600.00       0.09
15984000.00       0.01
