      0.00      13.58
  86400.00       0.06
 172800.00      11.56
 259200.00       6.36
 345600.00       6.49
 432000.00       4.48
 518400.00       0.98
 604800.00       8.36
 691200.00       7.51
 777600.00       3.27
 864000.00       1.55
 950400.00       3.17
1036800.00       9.57
1123200.00       3.18
1209600.00       0.86
1296000.00       0.17
1382400.00       0.52
1468800.00       0.48
1555200.00      14.21
1641600.00       4.79
1728000.00       1.76
1814400.00       1.00
1900800.00       3.03
1987200.00       1.26
2073600.00       2.51
2160000.00       1.20
2246400.00      20.45
2332800.00       2.21
2419200.00       0.69
2505600.00       1.54
2592000.00       0.06
2678400.00       0.08
2764800.00       0.01
2851200.00       3.55
2937600.00      15.71
3024000.00       3.37
3110400.00       5.54
3196800.00       0.46
3283200.00       6.68
3369600.00      18.77
3456000.00      10.84
3542400.00       1.81
3628800.00       7.18
3715200.00       4.20
3801600.00       0.23
3888000.00       0.12
3974400.00       0.37
4060800.00       0.71
4147200.00       1.56
4233600.00       0.21
4320000.00       0.26
4406400.00       0.35
4492800.00       3.43
4579200.00       3.15
4665600.00       0.96
4752000.00       1.54
4838400.00      12.21
4924800.00       2.69
5011200.00      19.49
5097600.00       5.45
5184000.00       6.43
5270400.00      13.99
5356800.00       5.88
5443200.00      11.75
5529600.00       4.12
5616000.00       3.64
5702400.00       1.41
5788800.00       0.17
5875200.00       3.53
5961600.00       4.82
6048000.00       0.54
6134400.00       0.48
6220800.00       0.23
6307200.00       0.50
6393600.00       0.17
6480000.00       0.18
6566400.00       1.89
6652800.00       0.15
6739200.00       0.14
6825600.00       0.00
6912000.00       0.09
6998400.00       0.12
7084800.00       0.06
7171200.00       0.05
7257600.00       0.04
7344000.00       1.50
7430400.00       0.17
7516800.00       1.40
7603200.00       0.09
7689600.00       0.23
7776000.00       0.17
7862400.00       0.99
7948800.00       0.37
8035200.00      10.59
8121600.00       2.73
8208000.00       0.83
8294400.00       0.80
8380800.00       0.10
8467200.00       0.10
8553600.00       0.82
8640000.00       6.93
8726400.00       5.08
8812800.00       0.08
8899200.00       0.09
8985600.00       0.98
9072000.00       1.63
9158400.00       0.04
9244800.00       0.08
9331200.00       0.28
9417600.00       1.37
9504000.00       3.56
9590400.00       1.30
9676800.00       0.31
9763200.00       3.99
9849600.00       4.36
9936000.00       3.50
10022400.00       0.04
10108800.00      12.99
10195200.00       1.70
10281600.00       0.67
10368000.00       0.55
10454400.00       3.11
10540800.00       9.70
10627200.00       0.03
10713600.00       4.07
10800000.00       5.45
10886400.00       0.77
10972800.00       0.26
11059200.00       0.91
11145600.00       0.95
11232000.00       0.65
11318400.00       1.01
11404800.00       0.10
11491200.00       2.53
11577600.00       6.75
11664000.00       1.26
11750400.00       0.03
11836800.00       0.09
11923200.00       2.60
12009600.00       1.50
12096000.00       4.57
12182400.00       0.05
12268800.00       0.34
12355200.00       0.13
12441600.00       0.04
12528000.00       1.01
12614400.00       0.28
12700800.00       0.61
12787200.00       0.19
12873600.00       0.05
12960000.00       1.07
13046400.00       1.48
13132800.00       6.36
13219200.00       1.03
13305600.00       2.84
13392000.00       0.34
13478400.00       0.45
13564800.00       0.24
13651200.00       0.57
13737600.00       0.03
13824000.00       0.01
13910400.00       0.11
13996800.00       0.94
14083200.00       0.45
14169600.00       0.08
14256000.00       0.50
14342400.00       0.13
14428800.00       0.01
14515200.00       0.02
14601600.00       0.04
14688000.00       0.05
14774400.00       0.03
14860800.00       0.25
14947200.00       0.04
15033600.00       0.07
15120000.00       0.03
15206400.00       0.04
15292800.00       1.26
15379200.00       0.02
15465600.00       0.02
15552000.00       4.11
15638400.00       2.65
15724800.00       2.18
15811200.00       0.13
15897600.00       0.07
15984000.00       4.91
