      0.00       0.30
  86400.00       0.00
 172800.00       2.09
 259200.00       7.05
 345600.00       0.40
 432000.00       0.00
 518400.00       0.00
 604800.00       0.00
 691200.00       1.49
 777600.00       0.30
 864000.00       0.00
 950400.00       0.00
1036800.00       0.00
1123200.00       0.00
1209600.00       0.00
1296000.00       0.79
1382400.00       0.00
1468800.00       7.45
1555200.00       2.19
1641600.00       0.50
1728000.00       1.89
1814400.00       2.19
1900800.00       9.94
1987200.00       0.30
2073600.00       0.99
2160000.00       3.68
2246400.00       4.97
2332800.00       4.17
2419200.00       5.07
2505600.00       4.27
2592000.00       2.29
2678400.00       0.89
2764800.00       3.88
2851200.00       2.09
2937600.00       0.20
3024000.00       1.09
3110400.00       1.79
3196800.00       6.26
3283200.00       0.10
3369600.00       0.30
3456000.00       0.10
3542400.00       1.49
3628800.00       1.69
3715200.00       4.37
3801600.00       5.37
3888000.00       3.78
3974400.00       2.29
4060800.00       3.28
4147200.00       0.70
4233600.00      12.73
4320000.00       1.39
4406400.00       6.06
4492800.00       2.58
4579200.00       3.58
4665600.00       0.30
4752000.00       0.60
4838400.00       0.89
4924800.00       0.00
5011200.00       0.10
5097600.00       0.00
5184000.00       0.00
5270400.00       0.00
5356800.00       0.00
5443200.00       0.30
5529600.00       1.89
5616000.00       0.70
5702400.00       2.19
5788800.00       1.59
5875200.00       2.09
5961600.00       1.09
6048000.00       0.30
6134400.00       0.80
6220800.00       2.09
6307200.00       0.10
6393600.00       8.66
6480000.00       0.20
6566400.00       0.80
6652800.00       4.88
6739200.00       0.00
6825600.00       7.36
6912000.00      12.14
6998400.00       3.09
7084800.00       3.58
7171200.00       0.00
7257600.00       0.00
7344000.00       0.00
7430400.00       0.10
7516800.00       0.10
7603200.00       1.89
7689600.00       0.30
7776000.00       1.39
7862400.00       4.38
7948800.00       0.69
8035200.00       0.30
8121600.00       2.18
8208000.00       0.00
8294400.00       0.10
8380800.00       0.10
8467200.00       0.00
8553600.00       0.00
8640000.00       1.88
8726400.00       7.43
8812800.00       1.29
8899200.00       0.00
8985600.00       0.00
9072000.00       0.00
9158400.00       0.00
9244800.00       0.00
9331200.00       0.00
9417600.00       0.00
9504000.00       0.00
9590400.00       0.00
9676800.00       2.97
9763200.00       0.40
9849600.00       4.66
9936000.00       0.00
10022400.00       0.00
10108800.00       0.00
10195200.00       0.00
10281600.00       0.00
10368000.00       0.00
10454400.00       0.00
10540800.00       0.00
10627200.00       2.39
10713600.00       0.00
10800000.00      12.54
10886400.00       4.78
10972800.00       0.10
11059200.00       0.50
11145600.00       2.29
11232000.00       0.00
11318400.00       5.48
11404800.00       3.48
11491200.00       1.59
11577600.00       0.10
11664000.00       0.10
11750400.00       0.10
11836800.00       0.00
11923200.00       0.00
12009600.00       0.00
12096000.00       0.20
12182400.00       0.00
12268800.00       1.59
12355200.00       0.00
12441600.00       2.59
12528000.00       0.70
12614400.00       0.50
12700800.00       0.00
12787200.00       0.00
12873600.00       4.38
12960000.00       0.10
13046400.00       1.39
13132800.00       0.10
13219200.00       1.59
13305600.00       1.49
13392000.00      22.79
13478400.00       3.38
13564800.00       0.00
13651200.00       1.19
13737600.00       0.30
13824000.00       0.00
13910400.00       0.60
13996800.00       5.37
14083200.00       0.50
14169600.00       0.10
14256000.00       0.00
14342400.00       0.20
14428800.00       0.00
14515200.00       0.00
14601600.00       0.20
14688000.00       8.26
14774400.00       0.00
14860800.00       0.00
14947200.00       3.28
15033600.00      10.75
15120000.00       4.08
15206400.00       0.10
15292800.00      33.34
15379200.00       2.39
15465600.00       0.80
15552000.00       1.79
15638400.00       0.50
15724800.00       0.70
15811200.00       0.10
