0	0.78
86400	0.6
172800	2.77
259200	1.8
345600	0.45
432000	0.94
518400	1.34
604800	0.51
691200	0.58
777600	3.25
864000	11.43
950400	0.43
1036800	15.28
1123200	6.31
1209600	1.01
1296000	1.53
1382400	0.47
1468800	2.34
1555200	0.76
1641600	0.41
1728000	0.65
1814400	5.7
1900800	2.72
1987200	0.5
2073600	0.54
2160000	0.69
2246400	1.32
2332800	0.74
2419200	0.2
2505600	0.57
2592000	0.64
2678400	4.62
2764800	0.91
2851200	0.45
2937600	0.8
3024000	1.24
3110400	0.79
3196800	0.84
3283200	4.01
3369600	0.66
3456000	0.46
3542400	1.13
3628800	0.17
3715200	3.78
3801600	0.2
3888000	1.07
3974400	0.3
4060800	0.22
4147200	2.43
4233600	2.39
4320000	0.55
4406400	0.26
4492800	0.56
4579200	0.73
4665600	2.82
4752000	0.9
4838400	0.92
4924800	2.37
5011200	0.82
5097600	2.43
5184000	0.54
5270400	0.53
5356800	1.46
5443200	2.83
5529600	2.41
5616000	2.42
5702400	1.6
5788800	0.63
5875200	1.57
5961600	0.62
6048000	0.97
6134400	0.7
6220800	2.2
6307200	0.38
6393600	0.43
6480000	0.69
6566400	3.52
6652800	0.71
6739200	1.43
6825600	0.97
6912000	2.18
6998400	2.16
7084800	0.35
7171200	2.74
7257600	2.24
7344000	1.68
7430400	0.84
7516800	1.1
7603200	0.41
7689600	0.25
7776000	0.45
7862400	0.67
7948800	3.58
8035200	2.48
8121600	0.31
8208000	5.94
8294400	2.13
8380800	2.07
8467200	0.41
8553600	5.89
8640000	7.24
8726400	0.85
8812800	0.74
8899200	1.52
8985600	0.89
9072000	8.5
9158400	0.25
9244800	2.21
9331200	0.58
9417600	3.25
9504000	0.17
9590400	3.15
9676800	0.64
9763200	0.08
9849600	1.21
9936000	1.76
10022400	1.16
10108800	0.45
10195200	0.6
10281600	0.72
10368000	3.57
10454400	5.08
10540800	6.47
10627200	1.26
10713600	2.48
10800000	1.96
10886400	0.7
10972800	1.79
11059200	8.07
11145600	0.51
11232000	0.17
11318400	1.25
11404800	0.49
11491200	1.88
11577600	1.63
11664000	2.69
11750400	1.52
11836800	2.95
11923200	0.29
12009600	0.17
12096000	4.19
12182400	4.09
12268800	1.34
12355200	1.47
12441600	1.55
12528000	1.33
12614400	0.65
12700800	9.86
12787200	2.53
12873600	0.27
12960000	40
13046400	1.93
13132800	0.2
13219200	0.15
13305600	1.32
13392000	1.97
13478400	3.73
13564800	0.22
13651200	0.82
13737600	0.24
13824000	8
13910400	0.98
13996800	8.28
14083200	1.75
14169600	0.42
14256000	4.08
14342400	2.67
14428800	0.61
14515200	1.08
14601600	4.27
14688000	0.13
14774400	0.83
14860800	0.55
14947200	2.09
15033600	2.86
15120000	0.74
15206400	0.34
15292800	0.75
15379200	0.9
15465600	0.82
15552000	5.74
15638400	0.4
15724800	1.39
15811200	0.47
15897600	0.74
15984000	1.47
16070400	0.75
16156800	1.21
16243200	0.7
16329600	0.66
16416000	0.34
16502400	9.23
16588800	0.71
16675200	0.53
16761600	2.1
16848000	3.73
16934400	0.57
17020800	7.44
17107200	2.8
17193600	0.29
17280000	0.56
17366400	0.5
17452800	0.86
17539200	0.68
17625600	1.84
17712000	8.89
17798400	0.26
17884800	1.48
17971200	3.15
18057600	9.45
18144000	1.04
18230400	3.47
18316800	1.75
18403200	0.49
18489600	0.94
18576000	0.28
18662400	0.38
18748800	0.32
18835200	0.19
18921600	0.18
19008000	2.78
19094400	1.13
19180800	5.25
19267200	3.74
19353600	0.66
19440000	0.04
19526400	1.05
19612800	1.21
19699200	2.31
19785600	3.36
19872000	5.55
19958400	31.83
20044800	1.49
20131200	1.08
20217600	0.52
20304000	1.31
20390400	0.68
20476800	0.42
20563200	0.33
20649600	8.47
20736000	1.18
20822400	1.31
20908800	1.55
20995200	0.31
21081600	0.62
21168000	0.73
21254400	0.61
21340800	2.24
21427200	2.08
21513600	0.82
21600000	1.01
21686400	1.56
21772800	0.79
21859200	0.83
21945600	1.82
22032000	1.85
22118400	0.32
22204800	0.18
22291200	1.12
22377600	1.24
22464000	40
22550400	2.01
22636800	0.83
22723200	0.32
22809600	1.5
22896000	1.18
22982400	0.43
23068800	1.21
23155200	10.84
23241600	1.06
23328000	2.48
23414400	0.58
23500800	0.39
23587200	0.26
23673600	1.48
23760000	3.13
23846400	0.38
23932800	1.37
24019200	0.54
24105600	0.19
24192000	0.79
24278400	0.68
24364800	0.48
24451200	1.19
24537600	0.7
24624000	2.06
24710400	4.21
24796800	0.87
24883200	0.95
24969600	0.17
25056000	0.91
25142400	0.7
25228800	1.2
25315200	0.4
25401600	0.66
25488000	1.5
25574400	1.99
25660800	0.56
25747200	3.07
25833600	0.75
25920000	2.04
26006400	0.23
26092800	0.47
26179200	0.73
26265600	3.05
26352000	1.6
26438400	2.23
26524800	0.45
26611200	0.81
26697600	2.64
26784000	2.47
26870400	5.13
26956800	0.73
27043200	0.94
27129600	5.47
27216000	2.34
27302400	0.72
27388800	1.11
27475200	0.14
27561600	0.36
27648000	0.44
27734400	15.88
27820800	17.84
27907200	0.45
27993600	0.46
28080000	12.27
28166400	0.19
28252800	1.78
28339200	4.6
28425600	1.98
28512000	5.34
28598400	2.14
28684800	2.48
28771200	5.37
28857600	2.88
28944000	1.11
29030400	0.67
29116800	0.61
29203200	0.38
29289600	0.64
29376000	2.31
29462400	2.66
29548800	1.12
29635200	0.29
29721600	0.97
29808000	10.9
29894400	0.88
29980800	1.52
30067200	0.4
30153600	0.61
30240000	2.01
30326400	16.28
30412800	0.36
30499200	2.28
30585600	0.33
30672000	1.98
30758400	1.05
30844800	2.82
30931200	0.84
31017600	0.3
31104000	0.3
31190400	0.29
31276800	0.87
31363200	5.97
31449600	0.55
31536000	1.05
31622400	1.33
31708800	0.35
31795200	0.74
31881600	2.72
31968000	2.47
32054400	5.29
32140800	1.92
32227200	2.26
32313600	0.69
32400000	5.2
32486400	40
32572800	0.36
32659200	2.03
32745600	0.91
32832000	1.6
32918400	0.59
33004800	17.46
33091200	0.52
33177600	0.36
33264000	3.79
33350400	0.71
33436800	0.76
33523200	0.21
33609600	0.08
33696000	5.84
33782400	1.13
33868800	0.21
33955200	1.19
34041600	0.81
34128000	1.09
34214400	0.38
34300800	1.89
34387200	4.12
34473600	1.21
34560000	0.93
34646400	0.55
34732800	1.01
34819200	0.8
34905600	2.78
34992000	1.56
35078400	4.75
35164800	9.09
35251200	0.56
35337600	40
35424000	0.25
35510400	0.87
35596800	0.54
35683200	5.12
35769600	2.46
35856000	0.94
35942400	5.94
36028800	0.4
36115200	1.38
36201600	0.53
36288000	0.52
36374400	3.4
36460800	0.72
36547200	1.08
36633600	0.19
36720000	4.12
36806400	0.39
36892800	0.5
36979200	1.45
37065600	1.77
37152000	7.78
37238400	1.8
37324800	1.32
37411200	0.83
37497600	2.89
37584000	1.71
37670400	0.49
37756800	2.7
37843200	2.54
37929600	1.6
38016000	4.67
38102400	0.42
38188800	0.2
38275200	1.34
38361600	0.56
38448000	1.25
38534400	2.24
38620800	0.83
38707200	0.37
38793600	0.23
38880000	0.92
38966400	3
39052800	0.34
39139200	1.64
39225600	1.95
39312000	0.58
39398400	2.68
39484800	1.61
39571200	1.28
39657600	0.63
39744000	0.94
39830400	0.62
39916800	1.4
40003200	0.38
40089600	1.38
40176000	1.9
40262400	1.22
40348800	35.75
40435200	2.85
40521600	1.04
40608000	4.63
40694400	3.25
40780800	0.49
40867200	2.39
40953600	0.24
41040000	1.61
41126400	1.2
41212800	0.77
41299200	2.67
41385600	0.7
41472000	0.43
41558400	1.12
41644800	0.18
41731200	1.11
41817600	0.33
41904000	0.72
41990400	1.76
42076800	0.88
42163200	1.08
42249600	3.36
42336000	2.65
42422400	1.66
42508800	1.11
42595200	1.61
42681600	1.16
42768000	4.59
42854400	0.59
42940800	0.93
43027200	1.29
43113600	1.13
43200000	0.42
43286400	6.55
43372800	1.02
43459200	0.72
43545600	1.31
43632000	1.04
43718400	1.24
43804800	1.8
43891200	0.71
43977600	1.62
44064000	0.65
44150400	0.44
44236800	1.82
44323200	0.55
44409600	2.73
44496000	0.65
44582400	0.37
44668800	1
44755200	6.18
44841600	0.23
44928000	0.29
45014400	2.12
45100800	2.61
45187200	0.66
45273600	2.77
45360000	2.15
45446400	5.86
45532800	0.87
45619200	1.47
45705600	1.76
45792000	0.44
45878400	1.96
45964800	3.36
46051200	0.89
46137600	0.82
46224000	0.1
46310400	2.89
46396800	1.24
46483200	5.88
46569600	3.62
46656000	2.3
46742400	1.38
46828800	0.33
46915200	2.86
47001600	0.95
47088000	4.89
47174400	2.62
47260800	4.52
47347200	1.95
47433600	1.28
47520000	2.47
47606400	1.06
47692800	1.32
47779200	2.93
47865600	0.31
47952000	9.61
48038400	0.64
48124800	1.96
48211200	0.25
48297600	6.3
48384000	15.11
48470400	3.21
48556800	6.02
48643200	0.63
48729600	1.81
48816000	1.96
48902400	0.54
48988800	0.36
49075200	0.55
49161600	1.68
49248000	3.2
49334400	1.87
49420800	2.61
49507200	1.13
49593600	1.03
49680000	0.8
49766400	1.99
49852800	0.9
49939200	3.09
50025600	0.61
50112000	0.64
50198400	0.42
50284800	1.01
50371200	0.57
50457600	1.64
50544000	0.72
50630400	1.92
50716800	0.24
50803200	0.69
50889600	40
50976000	0.49
51062400	0.8
51148800	14.15
51235200	0.71
51321600	2.58
51408000	0.58
51494400	3.92
51580800	0.38
51667200	1.63
51753600	1.2
51840000	1.22
51926400	0.87
52012800	2.31
52099200	2.07
52185600	0.55
52272000	2.33
52358400	1.68
52444800	1.69
52531200	4.69
52617600	1.68
52704000	2.91
52790400	1.79
52876800	0.23
52963200	0.4
53049600	1.17
53136000	0.41
53222400	7.58
53308800	0.99
53395200	0.3
53481600	0.74
53568000	1.53
53654400	0.58
53740800	5.75
53827200	3
53913600	2.22
54000000	4.52
54086400	1
54172800	0.4
54259200	0.26
54345600	0.97
54432000	0.21
54518400	1.1
54604800	0.49
54691200	0.81
54777600	0.41
54864000	3.27
54950400	3.3
55036800	1.19
55123200	5.06
55209600	1.39
55296000	2.05
55382400	3.8
55468800	0.25
55555200	0.46
55641600	0.14
55728000	0.25
55814400	5.87
55900800	5.82
55987200	0.29
56073600	0.33
56160000	28.43
56246400	0.9
56332800	1.14
56419200	0.56
56505600	0.36
56592000	1.58
56678400	0.99
56764800	2.93
56851200	6.26
56937600	0.69
57024000	0.96
57110400	1.25
57196800	1.1
57283200	0.35
57369600	0.45
57456000	1.04
57542400	0.67
57628800	2.31
57715200	0.81
57801600	0.63
57888000	0.28
57974400	3.76
58060800	3.11
58147200	1.09
58233600	1.76
58320000	2.08
58406400	0.2
58492800	0.42
58579200	2.5
58665600	0.8
58752000	0.19
58838400	0.91
58924800	7.38
59011200	7.39
59097600	4.01
59184000	0.75
59270400	4.13
59356800	1.16
59443200	3.26
59529600	4.23
59616000	1.09
59702400	4.7
59788800	2.19
59875200	1.36
59961600	19.58
60048000	3.66
60134400	0.87
60220800	4.83
60307200	0.43
60393600	3.73
60480000	0.24
60566400	3.07
60652800	2.38
60739200	3.68
60825600	0.7
60912000	2.95
60998400	0.41
61084800	1.19
61171200	0.52
61257600	0.23
61344000	2.94
61430400	1.54
61516800	6.25
61603200	2.67
61689600	19.59
61776000	2.51
61862400	0.94
61948800	1.8
62035200	2.01
62121600	0.76
62208000	1.16
62294400	0.44
62380800	0.53
62467200	0.19
62553600	1.34
62640000	0.64
62726400	0.96
62812800	1.01
62899200	0.54
62985600	3.78
63072000	0.69
63158400	2.37
63244800	1.7
63331200	0.85
63417600	0.61
63504000	2.37
63590400	0.82
63676800	3.68
63763200	0.95
63849600	0.39
63936000	3.13
64022400	2.98
64108800	4.12
64195200	1.21
64281600	0.99
64368000	0.73
64454400	0.28
64540800	0.85
64627200	3.76
64713600	1.43
64800000	0.16
64886400	0.13
64972800	3.23
65059200	2.04
65145600	0.56
65232000	40
65318400	1.63
65404800	0.66
65491200	7.63
65577600	1.76
65664000	0.96
65750400	1.98
65836800	0.35
65923200	1.24
66009600	3.58
66096000	1.81
66182400	0.35
66268800	8.49
66355200	0.82
66441600	7.23
66528000	0.79
66614400	0.43
66700800	2.71
66787200	4.83
66873600	3.14
66960000	0.84
67046400	0.52
67132800	1.19
67219200	0.34
67305600	1.16
67392000	0.63
67478400	1.39
67564800	0.55
67651200	1.27
67737600	0.71
67824000	0.35
67910400	2.88
67996800	1.64
68083200	4.68
68169600	1.51
68256000	1.89
68342400	1.35
68428800	1.04
68515200	7.87
68601600	1.02
68688000	4.34
68774400	6.01
68860800	1.02
68947200	2.4
69033600	0.81
69120000	0.32
69206400	0.22
69292800	0.92
69379200	6.26
69465600	2.02
69552000	3.27
69638400	0.41
69724800	6.94
69811200	3.64
69897600	1.02
69984000	2.02
70070400	0.87
70156800	0.67
70243200	1.98
70329600	0.74
70416000	5.6
70502400	4.97
70588800	2.48
70675200	1
70761600	0.57
70848000	0.17
70934400	0.65
71020800	0.12
71107200	0.79
71193600	0.04
71280000	3.26
71366400	0.25
71452800	6.4
71539200	1.05
71625600	1.5
71712000	1.02
71798400	0.23
71884800	1.11
71971200	1.1
72057600	1.31
72144000	1.95
72230400	0.66
72316800	3.68
72403200	0.5
72489600	2.89
72576000	2.14
72662400	2.27
72748800	0.24
72835200	1.61
72921600	0.85
73008000	40
73094400	1.97
73180800	0.91
73267200	0.62
73353600	0.95
73440000	1.42
73526400	0.22
73612800	0.84
73699200	1.92
73785600	9.95
73872000	0.91
73958400	28.13
74044800	0.22
74131200	0.8
74217600	0.31
74304000	0.45
74390400	6.84
74476800	0.65
74563200	0.4
74649600	1.15
74736000	36.72
74822400	8.64
74908800	3.28
74995200	4.25
75081600	2.68
75168000	4.44
75254400	0.84
75340800	1.73
75427200	0.58
75513600	1.25
75600000	1.72
75686400	2
75772800	1.11
75859200	1.17
75945600	0.33
76032000	0.84
76118400	3.27
76204800	3.43
76291200	0.79
76377600	1.79
76464000	2.17
76550400	2.12
76636800	1.35
76723200	0.38
76809600	0.3
76896000	1.3
76982400	1.82
77068800	3.35
77155200	3.76
77241600	1.34
77328000	0.68
77414400	6.4
77500800	0.95
77587200	10.89
77673600	4.02
77760000	1.46
77846400	2.27
77932800	0.63
78019200	0.8
78105600	4.5
78192000	4.82
78278400	0.45
78364800	2.69
78451200	0.26
78537600	3.16
78624000	3.25
78710400	0.69
78796800	0.84
78883200	2.41
78969600	0.56
79056000	0.32
79142400	0.84
79228800	0.62
79315200	2.43
79401600	1.75
79488000	0.59
79574400	0.25
79660800	0.52
79747200	4.73
79833600	1.67
79920000	7.39
80006400	0.23
80092800	1.04
80179200	2.19
80265600	2.26
80352000	2.86
80438400	0.57
80524800	1.78
80611200	0.47
80697600	0.44
80784000	0.54
80870400	0.78
80956800	0.88
81043200	2.73
81129600	1.93
81216000	2.71
81302400	1.15
81388800	1.35
81475200	5.43
81561600	1
81648000	0.82
81734400	0.4
81820800	0.3
81907200	3.56
81993600	10.02
82080000	2.04
82166400	24.57
82252800	0.22
82339200	3.32
82425600	0.66
82512000	1.23
82598400	2.15
82684800	0.31
82771200	5.62
82857600	0.58
82944000	3.44
83030400	0.28
83116800	0.99
83203200	0.37
83289600	0.72
83376000	2.16
83462400	27.31
83548800	0.63
83635200	2.63
83721600	3.07
83808000	1.67
83894400	0.92
83980800	0.51
84067200	1.21
84153600	1.96
84240000	2.3
84326400	1.62
84412800	0.54
84499200	3.66
84585600	0.81
84672000	0.45
84758400	0.59
84844800	0.72
84931200	1.99
85017600	0.82
85104000	1.35
85190400	15.25
85276800	0.64
85363200	2.07
85449600	6.19
85536000	8.76
85622400	17.42
85708800	0.46
85795200	3.8
85881600	1.01
85968000	4.89
86054400	1.2
86140800	0.07
86227200	4.63
86313600	1.54
86400000	6.03
86486400	0.55
86572800	0.56
86659200	0.81
86745600	0.4
86832000	0.93
86918400	4.54
87004800	0.85
87091200	1.12
87177600	0.51
87264000	5.23
87350400	1.27
87436800	0.24
87523200	0.41
87609600	3.3
87696000	1.07
87782400	0.27
87868800	1.68
87955200	0.13
88041600	1.84
88128000	0.93
88214400	2.63
88300800	0.2
88387200	2.65
88473600	0.45
88560000	0.25
88646400	0.44
88732800	0.48
88819200	0.87
88905600	0.7
88992000	0.75
89078400	0.16
89164800	0.89
89251200	0.77
89337600	1.36
89424000	2.06
89510400	1.2
89596800	1.24
89683200	0.31
89769600	1.92
89856000	0.37
89942400	1.18
90028800	1.96
90115200	0.94
90201600	0.52
90288000	0.47
90374400	6.33
90460800	1.38
90547200	1.54
90633600	1.14
90720000	0.96
90806400	1.25
90892800	0.74
90979200	0.92
91065600	0.47
91152000	0.15
91238400	7.79
91324800	2.26
91411200	2.74
91497600	0.61
91584000	3.23
91670400	0.73
91756800	4.2
91843200	4.43
91929600	1.37
92016000	0.63
92102400	2.15
92188800	0.91
92275200	0.52
92361600	1.11
92448000	3.29
92534400	3.2
92620800	1.14
92707200	0.48
92793600	0.3
92880000	0.57
92966400	0.41
93052800	24.02
93139200	5.28
93225600	0.29
93312000	0.89
93398400	1.61
93484800	0.64
93571200	0.55
93657600	4.03
93744000	1.74
93830400	0.43
93916800	7.94
94003200	0.53
94089600	0.52
94176000	0.75
94262400	1.79
94348800	1.62
94435200	2.2
94521600	0.41
94608000	1.33
94694400	1.26
94780800	0.33
94867200	4.22
94953600	2.57
95040000	1.09
95126400	2.83
95212800	0.36
95299200	0.57
95385600	3.17
95472000	0.39
95558400	2.77
95644800	2.49
95731200	2.68
95817600	0.73
95904000	1.72
95990400	0.33
96076800	1.21
96163200	1.88
96249600	0.85
96336000	0.6
96422400	1.01
96508800	1.99
96595200	1.18
96681600	1.25
96768000	0.4
96854400	0.28
96940800	0.92
97027200	1.06
97113600	1.65
97200000	6.73
97286400	1.87
97372800	0.92
97459200	2.87
97545600	0.26
97632000	0.68
97718400	2.74
97804800	5.63
97891200	0.19
97977600	0.38
98064000	11.86
98150400	1.42
98236800	1.91
98323200	0.94
98409600	1.85
98496000	8.51
98582400	5.74
98668800	0.61
98755200	1.7
98841600	3.34
98928000	0.51
99014400	0.2
99100800	2.4
99187200	0.23
99273600	0.71
99360000	0.58
99446400	0.53
99532800	0.96
99619200	40
99705600	2.11
99792000	0.21
99878400	0.26
99964800	1.98
100051200	1.57
100137600	0.74
100224000	2.36
100310400	0.14
100396800	0.13
100483200	2.49
100569600	3.96
100656000	0.64
100742400	1.06
100828800	7.23
100915200	1.48
101001600	2.06
101088000	0.32
101174400	0.78
101260800	1.91
101347200	1.53
101433600	2.11
101520000	0.4
101606400	0.24
101692800	1.26
101779200	0.41
101865600	1.21
101952000	1.41
102038400	1.23
102124800	4.62
102211200	1.09
102297600	0.45
102384000	1.77
102470400	0.5
102556800	1.12
102643200	39.36
102729600	1.76
102816000	0.6
102902400	0.22
102988800	1.33
103075200	1.24
103161600	1.51
103248000	1.3
103334400	1.1
103420800	1.99
103507200	0.24
103593600	0.44
103680000	22.35
103766400	4.41
103852800	2.06
103939200	4.05
104025600	0.27
104112000	0.4
104198400	0.44
104284800	1.41
104371200	0.5
104457600	0.54
104544000	1.41
104630400	0.43
104716800	0.87
104803200	0.67
104889600	1.09
104976000	0.4
105062400	1.06
105148800	0.85
105235200	0.15
105321600	2.41
105408000	0.61
105494400	0.85
105580800	6.07
105667200	0.55
105753600	0.52
105840000	40
105926400	0.98
106012800	23.52
106099200	1.53
106185600	1.22
106272000	2.3
106358400	6.47
106444800	0.23
106531200	0.71
106617600	1.87
106704000	0.31
106790400	0.5
106876800	1.11
106963200	1.5
107049600	1.44
107136000	0.36
107222400	1.96
107308800	1.73
107395200	1.45
107481600	0.46
107568000	1.47
107654400	2.48
107740800	1.63
107827200	0.58
107913600	3.16
108000000	1.53
108086400	4.44
108172800	1.58
108259200	0.94
108345600	0.39
108432000	2.51
108518400	0.5
108604800	0.69
108691200	2.03
108777600	1.43
108864000	1.2
108950400	0.29
109036800	0.6
109123200	1.01
109209600	28.66
109296000	2.61
109382400	1.13
109468800	0.24
109555200	0.67
109641600	0.54
109728000	1.64
109814400	1.59
109900800	0.88
109987200	0.12
110073600	0.45
110160000	0.15
110246400	0.41
110332800	0.44
110419200	1.25
110505600	0.22
110592000	6.94
110678400	1.89
110764800	0.32
110851200	2.65
110937600	4.02
111024000	4.39
111110400	2.26
111196800	0.49
111283200	0.28
111369600	0.58
111456000	1.59
111542400	29.8
111628800	0.45
111715200	0.8
111801600	6.42
111888000	0.39
111974400	5.02
112060800	1.32
112147200	1.08
112233600	0.28
112320000	1.31
112406400	0.22
112492800	0.9
112579200	0.49
112665600	1.28
112752000	1.1
112838400	1.77
112924800	2.02
113011200	2.8
113097600	0.43
113184000	7.29
113270400	1.67
113356800	3.99
113443200	0.3
113529600	1.97
113616000	1.18
113702400	0.63
113788800	3.87
113875200	0.52
113961600	1.88
114048000	0.85
114134400	38.29
114220800	0.05
114307200	2.16
114393600	14.37
114480000	2.37
114566400	0.48
114652800	0.81
114739200	0.46
114825600	0.64
114912000	2.09
114998400	0.54
115084800	0.3
115171200	1.57
115257600	1.06
115344000	4.59
115430400	0.69
115516800	0.54
115603200	2.77
115689600	0.52
115776000	3.08
115862400	1.28
115948800	1.88
116035200	1.98
116121600	1.93
116208000	0.54
116294400	1.74
116380800	0.74
116467200	8.51
116553600	0.21
116640000	0.24
116726400	0.67
116812800	0.48
116899200	1.04
116985600	1.81
117072000	1.38
117158400	4.33
117244800	0.66
117331200	1.96
117417600	0.72
117504000	2.23
117590400	3.23
117676800	0.98
117763200	5.61
117849600	0.52
117936000	0.31
118022400	1.61
118108800	0.37
118195200	0.37
118281600	0.29
118368000	1.35
118454400	0.14
118540800	0.73
118627200	2.81
118713600	1.4
118800000	4.42
118886400	0.54
118972800	3.86
119059200	1.17
119145600	0.74
119232000	0.2
119318400	0.63
119404800	1.47
119491200	0.18
119577600	12.47
119664000	3.8
119750400	0.27
119836800	0.57
119923200	0.48
120009600	0.25
120096000	2.29
120182400	2.48
120268800	0.67
120355200	6.48
120441600	1.33
120528000	0.31
120614400	1.16
120700800	0.43
120787200	1.08
120873600	0.19
120960000	0.65
121046400	2.21
121132800	2
121219200	1
121305600	1.3
121392000	1.35
121478400	3.86
121564800	0.24
121651200	1.2
121737600	1.78
121824000	0.43
121910400	4.58
121996800	2.77
122083200	1.11
122169600	2.5
122256000	0.33
122342400	0.74
122428800	0.78
122515200	11.66
122601600	7.07
122688000	22.73
122774400	1.34
122860800	1.36
122947200	1.6
123033600	0.82
123120000	0.29
123206400	1.43
123292800	0.7
123379200	0.38
123465600	1.05
123552000	0.98
123638400	40
123724800	0.7
123811200	17.63
123897600	3.49
123984000	1.47
124070400	40
124156800	0.63
124243200	9.01
124329600	0.28
124416000	0.27
124502400	4.45
124588800	0.86
124675200	1.02
124761600	6.28
124848000	0.46
124934400	5.09
125020800	0.61
125107200	0.69
125193600	2.05
125280000	2.37
125366400	1.58
125452800	0.11
125539200	2.85
125625600	0.38
125712000	0.74
125798400	0.59
125884800	4.88
125971200	2.82
126057600	0.35
126144000	1.44
126230400	1.37
126316800	4.32
126403200	0.36
126489600	2.91
126576000	1.44
126662400	1.58
126748800	1
126835200	11.5
126921600	0.61
127008000	4.01
127094400	1.38
127180800	1.63
127267200	2.65
127353600	1.17
127440000	1.39
127526400	3.25
127612800	1.49
127699200	2.07
127785600	9.28
127872000	0.21
127958400	0.28
128044800	0.49
128131200	1.19
128217600	0.42
128304000	1.79
128390400	3.07
128476800	3.01
128563200	5.54
128649600	2.5
128736000	2.02
128822400	1.8
128908800	2.33
128995200	4.97
129081600	0.64
129168000	3.74
129254400	0.64
129340800	1.02
129427200	9.08
129513600	1.76
129600000	0.41
129686400	3.6
129772800	0.53
129859200	1.13
129945600	0.53
130032000	11.17
130118400	1.02
130204800	3.02
130291200	1.15
130377600	1.06
130464000	1.3
130550400	0.42
130636800	0.97
130723200	1.78
130809600	0.25
130896000	0.89
130982400	0.82
131068800	1.15
131155200	1.2
131241600	0.47
131328000	0.66
131414400	1.81
131500800	0.25
131587200	2.65
131673600	4.3
131760000	0.42
131846400	0.79
131932800	0.71
132019200	1.21
132105600	0.94
132192000	0.55
132278400	1.41
132364800	2.45
132451200	1.5
132537600	2.58
132624000	0.48
132710400	0.76
132796800	10.61
132883200	15.33
132969600	0.4
133056000	0.67
133142400	0.67
133228800	0.56
133315200	0.63
133401600	0.12
133488000	3.28
133574400	0.29
133660800	0.17
133747200	1.15
133833600	33.97
133920000	0.27
134006400	2.81
134092800	1.53
134179200	0.79
134265600	0.86
134352000	0.82
134438400	1.02
134524800	1.99
134611200	2.08
134697600	2.17
134784000	1.25
134870400	2.27
134956800	1.42
135043200	0.41
135129600	0.42
135216000	1.11
135302400	0.26
135388800	2.33
135475200	0.57
135561600	1.15
135648000	1.19
135734400	0.4
135820800	10.2
135907200	0.25
135993600	1.87
136080000	0.32
136166400	0.81
136252800	0.34
136339200	1.54
136425600	1.16
136512000	0.65
136598400	1.54
136684800	5.71
136771200	0.18
136857600	5.57
136944000	0.92
137030400	0.71
137116800	4.57
137203200	1.1
137289600	0.59
137376000	2.56
137462400	1.87
137548800	14.56
137635200	0.92
137721600	15.85
137808000	3.49
137894400	1.59
137980800	1.6
138067200	2.17
138153600	0.67
138240000	0.17
138326400	0.2
138412800	3.49
138499200	1.24
138585600	0.61
138672000	3.41
138758400	1.22
138844800	0.31
138931200	0.32
139017600	1.21
139104000	0.54
139190400	0.34
139276800	2.9
139363200	1.33
139449600	1.05
139536000	5.38
139622400	0.28
139708800	4.5
139795200	7.99
139881600	2.13
139968000	0.49
140054400	1.25
140140800	1.67
140227200	1.73
140313600	3.37
140400000	0.79
140486400	0.96
140572800	17.39
140659200	0.19
140745600	5.97
140832000	1.94
140918400	0.43
141004800	1.58
141091200	6.91
141177600	1.73
141264000	2.48
141350400	1.21
141436800	0.6
141523200	1.45
141609600	1.13
141696000	0.86
141782400	0.43
141868800	5.24
141955200	0.37
142041600	1.22
142128000	1.7
142214400	1.09
142300800	40
142387200	0.64
142473600	0.35
142560000	0.44
142646400	3.88
142732800	0.44
142819200	1.96
142905600	3.06
142992000	3.74
143078400	0.44
143164800	0.27
143251200	0.91
143337600	1.8
143424000	0.2
143510400	0.6
143596800	3.34
143683200	0.35
143769600	0.17
143856000	1.31
143942400	0.53
144028800	1.08
144115200	1.72
144201600	3.22
144288000	0.95
144374400	0.89
144460800	1.64
144547200	2.43
144633600	0.49
144720000	0.47
144806400	1.02
144892800	0.43
144979200	2
145065600	0.69
145152000	7.96
145238400	0.99
145324800	0.31
145411200	2.16
145497600	4.17
145584000	3.36
145670400	1.68
145756800	3.4
145843200	3.95
145929600	0.33
146016000	0.63
146102400	0.32
146188800	0.79
146275200	2.27
146361600	0.91
146448000	0.33
146534400	1.7
146620800	0.15
146707200	1.76
146793600	1.94
146880000	2.83
146966400	0.91
147052800	1.57
147139200	0.98
147225600	0.18
147312000	0.46
147398400	1.5
147484800	0.35
147571200	1.99
147657600	2.24
147744000	5.54
147830400	1.48
147916800	0.81
148003200	0.26
148089600	18.16
148176000	1.99
148262400	25.68
148348800	0.11
148435200	1.13
148521600	0.98
148608000	1.36
148694400	3.51
148780800	22.14
148867200	29.33
148953600	1.09
149040000	2.05
149126400	4.04
149212800	0.74
149299200	1.03
149385600	0.28
149472000	5.51
149558400	8.47
149644800	3.78
149731200	5.1
149817600	24.27
149904000	0.82
149990400	2.45
150076800	3.91
150163200	0.58
150249600	0.35
150336000	5.32
150422400	0.58
150508800	0.85
150595200	1.13
150681600	6.46
150768000	0.65
150854400	7.02
150940800	1.17
151027200	0.9
151113600	0.29
151200000	0.41
151286400	0.39
151372800	0.32
151459200	1.51
151545600	0.28
151632000	1
151718400	0.38
151804800	1.24
151891200	0.92
151977600	0.88
152064000	1.88
152150400	1.73
152236800	1.28
152323200	1.32
152409600	2.11
152496000	1.66
152582400	1.56
152668800	0.6
152755200	0.42
152841600	7.95
152928000	1.98
153014400	1.16
153100800	0.86
153187200	6.63
153273600	5.65
153360000	0.59
153446400	6.42
153532800	1.94
153619200	2.74
153705600	6.49
153792000	6.16
153878400	0.74
153964800	0.41
154051200	0.89
154137600	1.95
154224000	6.91
154310400	0.17
154396800	0.88
154483200	0.26
154569600	6.44
154656000	2.01
154742400	5.33
154828800	1.56
154915200	1.35
155001600	4.24
155088000	1.75
155174400	0.17
155260800	0.88
155347200	0.26
155433600	0.45
155520000	40
155606400	0.33
155692800	3.05
155779200	1.79
155865600	1.39
155952000	0.91
156038400	5.23
156124800	2.34
156211200	0.56
156297600	0.79
156384000	1.04
156470400	1.4
156556800	1.13
156643200	1.46
156729600	1.45
156816000	2.03
156902400	1.67
156988800	7.15
157075200	2.07
157161600	3.61
157248000	0.39
157334400	0.45
157420800	0.74
157507200	5
157593600	1.6
