      0.00       0.30
  86400.00       0.40
 172800.00       0.00
 259200.00       0.80
 345600.00       0.00
 432000.00       0.00
 518400.00       0.00
 604800.00       0.00
 691200.00       0.00
 777600.00       0.00
 864000.00       0.00
 950400.00       0.00
1036800.00       6.13
1123200.00       3.01
1209600.00       0.00
1296000.00       1.41
1382400.00       0.30
1468800.00       2.71
1555200.00       0.00
1641600.00       2.31
1728000.00       4.02
1814400.00       3.01
1900800.00       6.83
1987200.00       0.30
2073600.00       1.81
2160000.00       5.53
2246400.00       0.70
2332800.00       0.00
2419200.00       1.61
2505600.00       1.00
2592000.00       0.90
2678400.00       4.49
2764800.00       1.30
2851200.00       7.28
2937600.00       2.49
3024000.00       8.08
3110400.00       2.79
3196800.00       3.59
3283200.00       0.00
3369600.00       5.69
3456000.00       3.99
3542400.00       1.70
3628800.00       0.00
3715200.00       0.00
3801600.00       0.00
3888000.00       0.00
3974400.00       1.60
4060800.00      11.68
4147200.00       6.29
4233600.00       0.30
4320000.00       7.19
4406400.00       0.60
4492800.00       2.69
4579200.00       0.70
4665600.00       9.18
4752000.00       0.90
4838400.00       3.19
4924800.00       1.20
5011200.00       0.60
5097600.00       1.10
5184000.00       7.58
5270400.00       5.70
5356800.00       1.10
5443200.00       0.20
5529600.00       0.90
5616000.00       4.90
5702400.00       0.80
5788800.00       1.60
5875200.00       5.30
5961600.00       4.60
6048000.00       3.90
6134400.00       7.10
6220800.00       2.00
6307200.00       1.40
6393600.00       1.90
6480000.00       2.80
6566400.00       5.80
6652800.00       5.10
6739200.00       4.20
6825600.00       2.90
6912000.00       0.40
6998400.00       4.60
7084800.00       0.00
7171200.00       0.00
7257600.00       0.00
7344000.00       0.00
7430400.00       0.00
7516800.00       5.80
7603200.00       4.20
7689600.00       0.20
7776000.00       0.90
7862400.00      20.20
7948800.00       1.00
8035200.00       2.01
8121600.00       0.60
8208000.00       2.01
8294400.00      11.74
8380800.00       0.00
8467200.00       0.10
8553600.00       0.00
8640000.00       0.00
8726400.00       0.10
8812800.00       0.40
8899200.00       0.00
8985600.00       0.20
9072000.00       0.10
9158400.00       0.00
9244800.00       0.00
9331200.00       0.00
9417600.00       0.00
9504000.00       0.00
9590400.00       0.00
9676800.00       0.00
9763200.00       1.20
9849600.00       8.12
9936000.00       0.60
10022400.00       0.00
10108800.00       0.00
10195200.00       0.00
10281600.00       0.00
10368000.00       4.41
10454400.00       0.70
10540800.00       0.20
10627200.00       0.00
10713600.00       0.00
10800000.00       0.00
10886400.00       0.10
10972800.00      15.00
11059200.00       0.10
11145600.00       0.00
11232000.00       0.00
11318400.00       0.00
11404800.00       0.00
11491200.00       0.00
11577600.00       0.00
11664000.00       0.00
11750400.00       0.00
11836800.00       0.00
11923200.00       0.10
12009600.00       2.00
12096000.00       0.10
12182400.00       0.00
12268800.00       0.00
12355200.00       2.40
12441600.00       0.80
12528000.00       1.60
12614400.00       0.00
12700800.00       0.00
12787200.00       0.00
12873600.00       0.00
12960000.00       0.00
13046400.00       0.00
13132800.00      20.30
13219200.00       0.40
13305600.00       3.72
13392000.00       0.00
13478400.00       0.00
13564800.00       0.00
13651200.00       0.00
13737600.00       0.00
13824000.00       0.00
13910400.00       0.00
13996800.00       0.00
14083200.00       0.00
14169600.00       0.00
14256000.00       0.00
14342400.00       0.00
14428800.00       0.00
14515200.00       1.51
14601600.00       0.10
14688000.00       0.00
14774400.00       1.51
14860800.00       0.10
14947200.00      14.16
15033600.00       1.41
15120000.00       0.40
15206400.00       0.00
15292800.00       0.00
15379200.00       0.00
15465600.00       0.10
15552000.00       0.00
15638400.00       0.00
15724800.00       0.00
15811200.00       0.40
