      0.00       9.36
  86400.00       0.49
 172800.00       6.28
 259200.00       0.25
 345600.00       1.14
 432000.00       0.96
 518400.00       0.65
 604800.00       0.49
 691200.00       0.83
 777600.00       0.66
 864000.00       0.80
 950400.00       2.82
1036800.00      22.09
1123200.00       2.67
1209600.00       0.28
1296000.00      14.17
1382400.00      14.60
1468800.00       0.07
1555200.00      19.48
1641600.00       2.91
1728000.00       7.45
1814400.00       0.06
1900800.00       7.44
1987200.00      19.37
2073600.00      10.75
2160000.00       1.01
2246400.00       1.81
2332800.00       4.39
2419200.00       0.31
2505600.00       0.45
2592000.00       0.86
2678400.00       0.14
2764800.00       0.09
2851200.00       0.54
2937600.00       0.38
3024000.00       0.05
3110400.00      12.41
3196800.00       3.09
3283200.00       0.38
3369600.00       0.57
3456000.00       2.63
3542400.00       0.92
3628800.00       0.10
3715200.00       0.35
3801600.00       0.16
3888000.00       0.34
3974400.00       3.91
4060800.00       0.87
4147200.00      36.23
4233600.00      23.81
4320000.00       2.44
4406400.00       0.06
4492800.00       2.04
4579200.00       2.55
4665600.00       0.17
4752000.00       0.40
4838400.00       0.16
4924800.00       6.77
5011200.00       1.19
5097600.00       1.92
5184000.00       1.51
5270400.00       7.64
5356800.00       1.66
5443200.00       3.92
5529600.00       2.78
5616000.00       1.39
5702400.00       0.06
5788800.00       2.42
5875200.00       0.79
5961600.00       0.05
6048000.00       2.04
6134400.00       0.54
6220800.00       1.07
6307200.00       0.07
6393600.00       0.02
6480000.00       0.01
6566400.00       0.00
6652800.00       0.00
6739200.00       0.00
6825600.00       0.02
6912000.00       8.94
6998400.00       8.54
7084800.00       0.72
7171200.00       5.64
7257600.00       2.21
7344000.00       9.67
7430400.00       1.35
7516800.00       0.12
7603200.00       0.09
7689600.00       0.06
7776000.00       0.07
7862400.00       0.14
7948800.00       0.39
8035200.00       5.03
8121600.00      28.81
8208000.00       1.84
8294400.00       7.20
8380800.00       3.04
8467200.00       0.20
8553600.00       0.02
8640000.00       0.19
8726400.00       1.72
8812800.00       0.01
8899200.00       0.04
8985600.00       0.03
9072000.00       0.01
9158400.00       0.02
9244800.00       0.66
9331200.00       0.05
9417600.00       5.04
9504000.00       0.25
9590400.00       0.18
9676800.00       0.11
9763200.00       0.07
9849600.00       0.09
9936000.00       0.03
10022400.00       0.07
10108800.00       0.06
10195200.00       5.42
10281600.00       8.70
10368000.00       3.56
10454400.00       3.80
10540800.00      15.45
10627200.00       9.02
10713600.00       0.44
10800000.00       0.05
10886400.00       0.14
10972800.00       0.08
11059200.00       0.00
11145600.00       0.02
11232000.00       0.97
11318400.00       0.35
11404800.00       0.14
11491200.00       0.04
11577600.00       0.27
11664000.00       0.96
11750400.00       1.97
11836800.00       0.02
11923200.00       0.12
12009600.00       0.28
12096000.00       0.07
12182400.00       0.05
12268800.00       0.02
12355200.00       2.39
12441600.00      11.56
12528000.00       2.08
12614400.00       0.95
12700800.00       9.74
12787200.00      11.51
12873600.00       0.31
12960000.00       0.39
13046400.00       2.38
13132800.00       0.02
13219200.00       2.58
13305600.00       0.04
13392000.00       6.13
13478400.00       0.54
13564800.00       0.08
13651200.00       0.62
13737600.00       1.09
13824000.00       0.10
13910400.00       0.04
13996800.00       0.03
14083200.00       0.35
14169600.00       0.01
14256000.00       1.73
14342400.00       0.03
14428800.00       0.01
14515200.00       0.63
14601600.00       0.22
14688000.00       0.56
14774400.00       1.19
14860800.00       1.63
14947200.00       0.44
15033600.00       0.15
15120000.00       0.21
15206400.00       0.02
15292800.00       0.07
15379200.00       0.01
15465600.00       0.00
15552000.00       0.01
15638400.00       0.09
15724800.00       0.02
15811200.00       0.00
15897600.00       0.01
15984000.00       0.00
