      0.00       2.28
  86400.00       8.16
 172800.00       0.28
 259200.00       1.14
 345600.00       0.09
 432000.00       2.09
 518400.00       0.00
 604800.00       0.76
 691200.00       0.57
 777600.00       2.47
 864000.00       0.00
 950400.00       1.80
1036800.00       0.00
1123200.00      11.10
1209600.00       3.98
1296000.00      11.57
1382400.00       0.00
1468800.00       2.18
1555200.00       3.04
1641600.00       7.59
1728000.00       1.80
1814400.00       0.57
1900800.00       2.18
1987200.00       0.00
2073600.00       0.00
2160000.00       0.00
2246400.00       0.76
2332800.00       0.00
2419200.00       0.00
2505600.00       0.00
2592000.00       0.00
2678400.00       6.74
2764800.00       1.73
2851200.00       0.39
2937600.00       6.16
3024000.00      12.43
3110400.00       2.12
3196800.00       0.96
3283200.00       0.00
3369600.00       3.18
3456000.00       2.99
3542400.00      12.52
3628800.00       1.93
3715200.00       0.00
3801600.00       0.00
3888000.00       0.19
3974400.00       3.08
4060800.00       0.10
4147200.00       0.10
4233600.00       0.00
4320000.00       1.54
4406400.00       0.48
4492800.00       0.19
4579200.00       1.06
4665600.00       8.48
4752000.00       0.48
4838400.00       6.36
4924800.00       3.66
5011200.00       0.67
5097600.00       0.29
5184000.00       0.77
5270400.00       0.10
5356800.00       0.00
5443200.00       0.00
5529600.00       0.00
5616000.00       0.00
5702400.00       0.00
5788800.00       0.00
5875200.00       0.00
5961600.00       0.00
6048000.00       0.51
6134400.00       0.81
6220800.00       1.01
6307200.00       0.30
6393600.00       0.00
6480000.00       0.00
6566400.00       0.00
6652800.00       0.00
6739200.00       0.00
6825600.00       0.00
6912000.00       0.00
6998400.00       0.10
7084800.00       0.10
7171200.00       0.10
7257600.00      11.16
7344000.00       0.00
7430400.00       0.00
7516800.00       0.00
7603200.00       0.00
7689600.00       0.00
7776000.00       0.00
7862400.00       0.10
7948800.00       5.88
8035200.00       0.20
8121600.00       0.20
8208000.00       0.00
8294400.00       4.90
8380800.00       5.59
8467200.00       1.47
8553600.00       0.88
8640000.00       0.10
8726400.00       0.20
8812800.00       0.10
8899200.00       0.00
8985600.00       0.00
9072000.00       0.00
9158400.00       0.00
9244800.00       0.00
9331200.00       0.00
9417600.00       0.00
9504000.00       0.00
9590400.00       0.00
9676800.00       0.00
9763200.00       0.00
9849600.00       0.00
9936000.00       0.00
10022400.00       0.00
10108800.00       7.85
10195200.00       1.27
10281600.00       3.92
10368000.00       2.65
10454400.00       0.49
10540800.00       0.29
10627200.00       0.00
10713600.00       0.00
10800000.00       0.00
10886400.00       0.10
10972800.00      16.31
11059200.00       5.08
11145600.00       2.73
11232000.00       0.39
11318400.00       0.00
11404800.00       0.00
11491200.00       0.00
11577600.00       0.00
11664000.00       0.00
11750400.00       0.00
11836800.00       0.00
11923200.00       0.00
12009600.00       0.00
12096000.00       0.10
12182400.00       0.00
12268800.00       0.20
12355200.00       0.49
12441600.00       0.00
12528000.00       0.00
12614400.00       0.20
12700800.00       0.00
12787200.00       0.00
12873600.00       0.00
12960000.00       1.27
13046400.00       1.56
13132800.00       0.39
13219200.00       0.00
13305600.00       0.00
13392000.00       0.00
13478400.00       0.00
13564800.00       0.00
13651200.00       0.00
13737600.00       0.00
13824000.00       0.00
13910400.00       9.60
13996800.00       3.69
14083200.00       0.19
14169600.00       0.00
14256000.00       4.27
14342400.00       6.40
14428800.00       2.72
14515200.00       0.49
14601600.00       0.87
14688000.00       0.00
14774400.00       0.00
14860800.00       0.00
14947200.00       0.00
15033600.00       0.00
15120000.00       0.00
15206400.00       0.00
15292800.00       3.98
15379200.00       3.40
15465600.00       0.00
15552000.00       0.00
15638400.00       0.00
15724800.00       0.10
15811200.00       0.00
