      0.00       0.00
  86400.00       5.37
 172800.00      12.04
 259200.00       5.27
 345600.00       3.88
 432000.00       1.99
 518400.00       3.88
 604800.00       0.30
 691200.00       0.00
 777600.00       1.69
 864000.00       1.99
 950400.00       0.20
1036800.00       0.00
1123200.00       3.38
1209600.00       0.30
1296000.00       0.00
1382400.00       0.00
1468800.00       0.10
1555200.00       0.10
1641600.00       0.00
1728000.00       2.69
1814400.00       2.09
1900800.00       0.20
1987200.00       0.10
2073600.00       0.80
2160000.00       0.50
2246400.00       0.70
2332800.00       1.00
2419200.00      10.65
2505600.00       1.59
2592000.00       0.00
2678400.00       0.00
2764800.00       0.00
2851200.00       0.00
2937600.00       0.00
3024000.00       0.00
3110400.00       2.21
3196800.00       1.31
3283200.00       1.61
3369600.00       2.21
3456000.00       1.01
3542400.00       5.13
3628800.00       3.82
3715200.00       0.20
3801600.00       7.74
3888000.00       3.62
3974400.00       6.13
4060800.00       1.71
4147200.00       0.20
4233600.00       0.00
4320000.00       0.00
4406400.00       0.00
4492800.00       0.00
4579200.00       0.00
4665600.00       3.32
4752000.00      11.56
4838400.00       3.42
4924800.00       3.42
5011200.00       0.00
5097600.00       0.00
5184000.00       0.00
5270400.00       1.80
5356800.00       0.00
5443200.00       4.50
5529600.00       0.00
5616000.00       0.00
5702400.00       0.00
5788800.00       0.50
5875200.00       0.00
5961600.00       0.10
6048000.00       0.20
6134400.00       0.50
6220800.00       0.00
6307200.00       0.00
6393600.00       0.00
6480000.00       0.00
6566400.00       0.00
6652800.00       0.00
6739200.00       0.00
6825600.00       2.10
6912000.00       1.90
6998400.00       5.50
7084800.00       0.20
7171200.00       0.00
7257600.00       0.00
7344000.00       0.00
7430400.00       0.00
7516800.00       0.00
7603200.00       0.10
7689600.00       0.00
7776000.00       0.00
7862400.00       0.20
7948800.00       1.30
8035200.00       0.00
8121600.00       0.20
8208000.00       2.10
8294400.00       0.50
8380800.00       0.90
8467200.00       0.00
8553600.00       1.20
8640000.00       2.80
8726400.00       0.00
8812800.00       0.00
8899200.00       0.00
8985600.00       0.00
9072000.00       0.00
9158400.00       0.00
9244800.00       0.00
9331200.00       0.00
9417600.00       0.00
9504000.00       0.00
9590400.00       0.00
9676800.00       1.10
9763200.00       0.00
9849600.00       0.00
9936000.00       1.10
10022400.00       1.30
10108800.00       2.60
10195200.00       1.10
10281600.00       4.60
10368000.00       4.50
10454400.00       0.20
10540800.00       0.40
10627200.00       0.00
10713600.00       0.00
10800000.00       0.00
10886400.00       0.00
10972800.00       0.00
11059200.00       0.00
11145600.00       0.00
11232000.00       3.31
11318400.00      23.34
11404800.00       2.91
11491200.00       0.40
11577600.00       0.00
11664000.00       0.00
11750400.00       0.00
11836800.00       0.40
11923200.00       0.00
12009600.00       0.00
12096000.00       0.00
12182400.00       0.00
12268800.00       0.00
12355200.00       0.00
12441600.00       0.00
12528000.00       0.00
12614400.00       0.00
12700800.00       5.31
12787200.00       6.21
12873600.00       9.32
12960000.00       2.70
13046400.00       1.70
13132800.00       0.00
13219200.00       1.50
13305600.00       0.90
13392000.00       0.00
13478400.00       0.00
13564800.00       0.00
13651200.00       0.00
13737600.00       0.00
13824000.00       0.20
13910400.00       5.60
13996800.00       3.80
14083200.00       5.30
14169600.00       9.80
14256000.00       7.40
14342400.00       0.00
14428800.00       0.00
14515200.00       0.00
14601600.00       0.00
14688000.00       0.00
14774400.00       0.00
14860800.00       0.10
14947200.00       1.60
15033600.00       0.00
15120000.00       0.00
15206400.00       0.00
15292800.00       0.00
15379200.00       0.00
15465600.00       0.00
15552000.00       0.00
15638400.00       0.00
15724800.00       0.00
15811200.00       0.00
