      0.00       0.30
  86400.00       0.74
 172800.00       2.69
 259200.00       0.12
 345600.00       0.07
 432000.00       0.10
 518400.00       0.06
 604800.00       0.00
 691200.00       0.22
 777600.00       0.30
 864000.00       2.44
 950400.00       0.01
1036800.00       0.26
1123200.00       0.85
1209600.00       0.01
1296000.00       0.04
1382400.00       0.11
1468800.00       0.45
1555200.00       1.93
1641600.00       2.60
1728000.00       6.00
1814400.00       0.86
1900800.00       0.06
1987200.00       2.20
2073600.00       0.60
2160000.00       3.06
2246400.00       2.40
2332800.00       0.12
2419200.00       6.69
2505600.00       4.08
2592000.00      15.40
2678400.00       1.13
2764800.00       0.72
2851200.00       0.40
2937600.00       0.03
3024000.00       1.02
3110400.00       1.35
3196800.00       0.76
3283200.00       0.08
3369600.00       0.00
3456000.00       0.01
3542400.00       1.61
3628800.00       0.22
3715200.00       0.03
3801600.00       0.13
3888000.00       6.64
3974400.00       8.40
4060800.00       0.94
4147200.00       3.10
4233600.00       0.07
4320000.00       0.00
4406400.00       0.00
4492800.00       0.00
4579200.00       1.22
4665600.00       1.13
4752000.00       0.33
4838400.00       0.02
4924800.00       1.72
5011200.00       2.08
5097600.00       2.64
5184000.00       0.62
5270400.00       2.24
5356800.00       0.33
5443200.00       1.41
5529600.00       0.21
5616000.00       0.01
5702400.00       0.46
5788800.00       0.00
5875200.00       0.07
5961600.00       0.02
6048000.00       0.00
6134400.00       0.07
6220800.00       0.79
6307200.00       0.56
6393600.00       0.14
6480000.00       0.21
6566400.00       0.12
6652800.00       0.40
6739200.00       0.01
6825600.00       0.08
6912000.00       3.74
6998400.00       7.86
7084800.00       5.74
7171200.00       0.27
7257600.00       0.12
7344000.00       1.96
7430400.00       0.12
7516800.00       0.06
7603200.00       0.21
7689600.00       0.02
7776000.00       0.07
7862400.00       0.17
7948800.00       2.60
8035200.00       0.66
8121600.00       0.18
8208000.00       0.19
8294400.00       0.05
8380800.00       0.27
8467200.00       0.08
8553600.00       0.02
8640000.00       1.80
8726400.00       0.14
8812800.00       0.04
8899200.00       0.69
8985600.00       0.05
9072000.00       0.67
9158400.00       1.46
9244800.00       0.09
9331200.00       0.38
9417600.00       0.19
9504000.00       0.97
9590400.00       5.28
9676800.00       6.62
9763200.00       1.21
9849600.00       1.01
9936000.00       0.27
10022400.00       0.15
10108800.00       1.49
10195200.00       0.97
10281600.00       0.08
10368000.00       5.72
10454400.00       0.64
10540800.00       0.02
10627200.00       0.00
10713600.00       0.02
10800000.00       0.68
10886400.00       0.65
10972800.00       1.67
11059200.00       2.89
11145600.00       0.52
11232000.00       0.62
11318400.00       1.11
11404800.00       0.46
11491200.00       3.71
11577600.00       5.92
11664000.00      10.18
11750400.00       1.46
11836800.00       4.84
11923200.00       0.62
12009600.00       0.28
12096000.00       3.22
12182400.00       6.32
12268800.00       1.45
12355200.00       0.13
12441600.00       0.05
12528000.00       0.02
12614400.00       0.03
12700800.00       0.45
12787200.00       0.23
12873600.00       0.18
12960000.00       0.00
13046400.00       0.00
13132800.00       0.02
13219200.00       0.01
13305600.00       0.18
13392000.00       0.12
13478400.00       2.63
13564800.00       0.38
13651200.00       0.90
13737600.00       0.39
13824000.00       3.94
13910400.00       4.56
13996800.00       0.12
14083200.00       1.37
14169600.00       0.94
14256000.00       0.04
14342400.00       0.29
14428800.00       0.02
14515200.00       0.00
14601600.00       0.00
14688000.00       6.98
14774400.00       0.03
14860800.00       0.02
14947200.00       0.00
15033600.00       0.01
15120000.00       0.00
15206400.00       0.00
15292800.00       0.02
15379200.00       0.08
15465600.00       0.01
15552000.00       0.01
15638400.00       0.03
15724800.00       0.09
15811200.00       0.11
15897600.00       0.54
15984000.00       0.20
