      0.00       7.75
  86400.00       2.17
 172800.00       3.34
 259200.00       6.66
 345600.00       1.15
 432000.00       5.61
 518400.00      21.64
 604800.00       9.34
 691200.00      20.45
 777600.00       0.16
 864000.00       2.14
 950400.00       0.20
1036800.00       0.01
1123200.00       3.88
1209600.00       1.56
1296000.00       0.04
1382400.00       0.13
1468800.00       0.21
1555200.00       0.26
1641600.00       1.15
1728000.00       0.30
1814400.00       0.21
1900800.00       1.22
1987200.00      20.76
2073600.00       7.14
2160000.00       2.16
2246400.00       0.99
2332800.00       0.15
2419200.00       0.10
2505600.00       5.13
2592000.00       8.00
2678400.00       2.53
2764800.00       4.00
2851200.00       8.90
2937600.00       3.69
3024000.00       1.20
3110400.00       1.22
3196800.00       3.20
3283200.00       3.73
3369600.00       0.16
3456000.00       0.16
3542400.00       4.57
3628800.00       8.93
3715200.00       0.07
3801600.00       5.87
3888000.00       2.60
3974400.00       7.65
4060800.00       2.59
4147200.00       1.18
4233600.00       0.69
4320000.00       4.55
4406400.00      14.63
4492800.00       5.25
4579200.00       2.52
4665600.00       0.89
4752000.00       2.52
4838400.00       3.06
4924800.00       0.07
5011200.00       1.27
5097600.00       0.81
5184000.00       4.12
5270400.00       0.17
5356800.00       1.94
5443200.00      20.68
5529600.00      12.83
5616000.00       2.94
5702400.00       2.67
5788800.00       5.76
5875200.00      15.92
5961600.00       2.92
6048000.00       3.26
6134400.00       0.35
6220800.00       0.12
6307200.00       0.22
6393600.00       0.01
6480000.00       0.22
6566400.00       0.07
6652800.00       0.28
6739200.00       0.05
6825600.00       0.51
6912000.00       0.01
6998400.00       0.60
7084800.00       0.08
7171200.00       0.58
7257600.00       0.84
7344000.00       0.07
7430400.00       0.05
7516800.00       0.00
7603200.00       0.00
7689600.00       0.01
7776000.00       0.22
7862400.00       0.03
7948800.00       1.01
8035200.00       0.14
8121600.00       0.07
8208000.00       3.73
8294400.00       0.20
8380800.00       0.01
8467200.00       0.00
8553600.00       1.11
8640000.00       0.92
8726400.00       0.74
8812800.00       0.00
8899200.00       0.02
8985600.00       0.01
9072000.00       0.01
9158400.00       0.02
9244800.00       0.03
9331200.00       0.12
9417600.00       0.02
9504000.00       0.01
9590400.00       0.33
9676800.00       7.05
9763200.00       2.16
9849600.00       5.24
9936000.00       1.21
10022400.00       0.24
10108800.00       0.12
10195200.00       0.05
10281600.00       0.02
10368000.00       0.61
10454400.00       0.80
10540800.00       3.77
10627200.00       1.25
10713600.00       0.79
10800000.00       2.72
10886400.00       1.54
10972800.00       0.20
11059200.00       0.29
11145600.00       0.39
11232000.00       3.02
11318400.00       5.29
11404800.00       0.20
11491200.00       0.03
11577600.00       0.04
11664000.00       0.13
11750400.00       0.70
11836800.00       0.05
11923200.00       0.50
12009600.00       0.05
12096000.00       0.01
12182400.00       0.57
12268800.00       4.92
12355200.00       0.25
12441600.00       0.06
12528000.00       0.38
12614400.00       0.95
12700800.00       0.04
12787200.00       1.24
12873600.00       0.82
12960000.00       0.29
13046400.00       0.08
13132800.00       4.65
13219200.00       0.55
13305600.00       2.26
13392000.00       0.03
13478400.00       0.00
13564800.00       3.36
13651200.00       0.05
13737600.00       1.83
13824000.00       0.13
13910400.00       0.09
13996800.00       0.03
14083200.00       0.01
14169600.00       0.01
14256000.00       1.00
14342400.00       3.09
14428800.00       0.05
14515200.00       0.06
14601600.00       3.66
14688000.00       0.04
14774400.00       0.02
14860800.00       0.00
14947200.00       0.01
15033600.00       0.03
15120000.00       0.87
15206400.00       0.04
15292800.00       0.30
15379200.00       0.17
15465600.00       0.03
15552000.00       0.70
15638400.00       3.87
15724800.00       6.75
15811200.00       0.16
15897600.00       0.08
15984000.00       0.72
