      0.00       0.20
  86400.00       0.00
 172800.00       0.10
 259200.00       0.00
 345600.00       0.00
 432000.00       0.00
 518400.00       0.00
 604800.00       0.00
 691200.00       0.00
 777600.00       0.00
 864000.00       0.00
 950400.00       0.00
1036800.00       0.00
1123200.00       0.00
1209600.00       0.00
1296000.00       0.40
1382400.00       0.10
1468800.00       0.00
1555200.00       0.00
1641600.00       0.00
1728000.00       0.00
1814400.00       0.00
1900800.00       0.00
1987200.00       3.94
2073600.00       3.33
2160000.00       1.82
2246400.00       0.00
2332800.00       0.00
2419200.00       0.00
2505600.00       0.00
2592000.00       0.00
2678400.00       0.00
2764800.00       0.80
2851200.00       0.00
2937600.00       0.00
3024000.00       0.00
3110400.00       0.00
3196800.00       0.00
3283200.00       0.00
3369600.00       0.00
3456000.00       0.00
3542400.00       0.00
3628800.00       0.00
3715200.00       0.00
3801600.00       0.00
3888000.00       0.00
3974400.00       0.00
4060800.00       0.00
4147200.00       0.00
4233600.00       0.00
4320000.00       0.00
4406400.00       0.00
4492800.00       0.10
4579200.00       0.30
4665600.00       0.00
4752000.00       0.40
4838400.00       0.10
4924800.00       0.20
5011200.00       0.00
5097600.00       0.10
5184000.00       2.20
5270400.00       1.71
5356800.00       0.90
5443200.00       4.32
5529600.00       0.00
5616000.00       0.00
5702400.00       0.00
5788800.00       0.00
5875200.00       0.00
5961600.00       0.00
6048000.00       0.00
6134400.00       0.00
6220800.00       0.80
6307200.00       0.00
6393600.00       3.82
6480000.00       0.10
6566400.00       0.00
6652800.00       2.31
6739200.00       1.91
6825600.00       0.00
6912000.00       0.30
6998400.00       0.00
7084800.00       0.00
7171200.00       0.00
7257600.00       0.40
7344000.00       2.41
7430400.00       0.20
7516800.00       3.31
7603200.00      11.65
7689600.00       6.23
7776000.00       2.71
7862400.00       3.82
7948800.00       3.80
8035200.00       0.10
8121600.00       0.00
8208000.00       0.10
8294400.00       0.10
8380800.00       0.10
8467200.00       0.30
8553600.00       0.60
8640000.00       0.20
8726400.00       2.70
8812800.00       0.00
8899200.00       0.00
8985600.00       0.00
9072000.00       0.00
9158400.00       0.00
9244800.00       0.00
9331200.00       0.00
9417600.00       0.30
9504000.00       0.00
9590400.00       0.00
9676800.00       0.00
9763200.00       0.50
9849600.00       0.00
9936000.00       0.00
10022400.00       0.00
10108800.00       0.10
10195200.00       5.30
10281600.00       2.50
10368000.00       0.00
10454400.00       0.40
10540800.00       0.30
10627200.00       1.40
10713600.00       0.00
10800000.00       3.30
10886400.00       6.10
10972800.00       0.90
11059200.00       6.60
11145600.00       3.80
11232000.00       0.60
11318400.00       1.00
11404800.00       0.00
11491200.00       0.20
11577600.00       0.00
11664000.00       1.20
11750400.00       4.30
11836800.00       0.30
11923200.00       0.50
12009600.00       0.00
12096000.00       0.00
12182400.00       0.00
12268800.00       0.00
12355200.00       0.00
12441600.00       0.00
12528000.00       0.00
12614400.00       0.40
12700800.00       0.00
12787200.00       6.10
12873600.00       1.30
12960000.00       0.00
13046400.00       0.00
13132800.00       0.00
13219200.00       0.00
13305600.00       0.00
13392000.00       0.00
13478400.00       2.50
13564800.00       0.20
13651200.00       0.00
13737600.00      15.12
13824000.00       1.80
13910400.00       3.60
13996800.00       3.50
14083200.00       7.11
14169600.00      11.72
14256000.00       0.20
14342400.00       0.00
14428800.00       0.00
14515200.00       0.80
14601600.00       0.00
14688000.00       0.40
14774400.00       1.20
14860800.00       1.70
14947200.00       0.70
15033600.00       5.01
15120000.00       0.00
15206400.00       0.00
15292800.00       2.40
15379200.00       0.50
15465600.00       0.20
15552000.00      15.02
15638400.00       0.20
15724800.00       0.00
15811200.00       0.00
