      0.00       0.93
  86400.00       1.06
 172800.00       5.52
 259200.00       0.13
 345600.00       0.14
 432000.00       2.33
 518400.00       0.14
 604800.00       3.25
 691200.00       5.82
 777600.00       1.51
 864000.00       0.04
 950400.00       0.06
1036800.00       0.00
1123200.00       6.04
1209600.00       5.68
1296000.00       3.97
1382400.00      14.85
1468800.00       7.98
1555200.00       0.08
1641600.00       7.92
1728000.00       7.20
1814400.00       0.12
1900800.00       5.24
1987200.00       7.55
2073600.00       0.14
2160000.00       0.07
2246400.00       0.03
2332800.00       0.03
2419200.00       0.01
2505600.00       0.02
2592000.00       0.03
2678400.00       0.00
2764800.00       0.02
2851200.00       0.07
2937600.00       8.65
3024000.00       0.96
3110400.00       2.24
3196800.00       2.47
3283200.00       7.92
3369600.00       7.28
3456000.00       0.13
3542400.00       0.14
3628800.00       0.12
3715200.00       0.22
3801600.00       0.09
3888000.00       0.13
3974400.00       1.74
4060800.00       3.95
4147200.00       0.12
4233600.00       2.56
4320000.00       2.20
4406400.00       2.74
4492800.00       1.41
4579200.00       0.12
4665600.00       0.26
4752000.00       0.71
4838400.00       0.53
4924800.00       2.31
5011200.00       0.20
5097600.00       0.05
5184000.00       0.10
5270400.00       0.08
5356800.00       0.00
5443200.00       0.00
5529600.00       0.00
5616000.00       0.00
5702400.00       0.56
5788800.00       0.98
5875200.00       0.02
5961600.00       0.07
6048000.00      19.64
6134400.00       0.92
6220800.00       5.43
6307200.00       0.02
6393600.00       0.70
6480000.00       0.49
6566400.00       0.71
6652800.00       3.12
6739200.00       0.02
6825600.00       0.03
6912000.00       0.02
6998400.00       0.03
7084800.00       0.07
7171200.00       0.11
7257600.00       0.09
7344000.00       0.67
7430400.00       0.46
7516800.00       1.38
7603200.00       0.04
7689600.00       0.01
7776000.00       0.14
7862400.00       0.44
7948800.00       0.04
8035200.00       0.07
8121600.00       0.83
8208000.00       3.29
8294400.00       2.89
8380800.00      26.32
8467200.00       2.23
8553600.00       4.73
8640000.00       0.92
8726400.00       0.11
8812800.00       2.88
8899200.00       0.06
8985600.00       0.02
9072000.00       0.02
9158400.00       0.02
9244800.00       0.09
9331200.00       0.03
9417600.00       3.38
9504000.00       0.17
9590400.00       0.00
9676800.00       0.01
9763200.00       0.02
9849600.00       0.01
9936000.00       0.02
10022400.00       0.03
10108800.00       0.02
10195200.00       0.03
10281600.00       0.01
10368000.00       0.00
10454400.00       0.00
10540800.00       0.00
10627200.00       0.01
10713600.00       0.04
10800000.00       0.01
10886400.00       0.08
10972800.00       2.99
11059200.00       3.42
11145600.00       0.08
11232000.00       2.52
11318400.00       0.69
11404800.00       0.24
11491200.00       0.15
11577600.00       0.07
11664000.00       0.01
11750400.00       0.01
11836800.00      14.39
11923200.00      12.04
12009600.00       7.22
12096000.00       0.22
12182400.00       1.42
12268800.00       0.98
12355200.00       5.49
12441600.00       5.33
12528000.00       0.05
12614400.00       0.08
12700800.00       0.18
12787200.00       0.06
12873600.00       0.04
12960000.00       0.02
13046400.00       0.02
13132800.00       0.04
13219200.00       0.06
13305600.00       0.01
13392000.00       0.42
13478400.00       0.29
13564800.00       0.41
13651200.00       0.06
13737600.00       0.02
13824000.00       0.61
13910400.00       2.10
13996800.00       0.07
14083200.00       0.03
14169600.00       2.87
14256000.00      16.45
14342400.00       1.17
14428800.00       0.62
14515200.00       2.84
14601600.00       0.14
14688000.00       2.21
14774400.00       2.49
14860800.00       0.02
14947200.00       1.17
15033600.00       1.91
15120000.00       0.01
15206400.00       0.03
15292800.00       0.24
15379200.00       0.41
15465600.00       0.08
15552000.00       3.89
15638400.00       0.13
15724800.00      12.60
15811200.00       0.02
15897600.00       4.70
15984000.00       0.02
