      0.00       2.23
  86400.00       0.27
 172800.00       0.91
 259200.00       5.04
 345600.00       6.32
 432000.00       0.13
 518400.00       5.35
 604800.00       6.11
 691200.00       4.51
 777600.00       0.41
 864000.00       0.07
 950400.00       0.20
1036800.00       1.01
1123200.00       1.45
1209600.00       0.85
1296000.00       0.18
1382400.00       0.41
1468800.00       3.83
1555200.00       0.45
1641600.00       5.48
1728000.00       0.41
1814400.00       0.50
1900800.00       0.02
1987200.00       0.03
2073600.00       5.35
2160000.00      18.17
2246400.00       0.45
2332800.00       6.03
2419200.00       1.79
2505600.00       2.32
2592000.00       0.31
2678400.00       3.30
2764800.00       0.81
2851200.00       0.15
2937600.00       0.06
3024000.00       0.05
3110400.00       0.03
3196800.00       0.26
3283200.00       0.14
3369600.00      14.73
3456000.00       4.34
3542400.00       1.37
3628800.00       0.56
3715200.00      10.29
3801600.00      10.35
3888000.00       0.83
3974400.00       1.45
4060800.00       4.99
4147200.00       0.09
4233600.00       0.44
4320000.00       0.00
4406400.00       0.01
4492800.00       0.26
4579200.00       0.21
4665600.00       0.15
4752000.00       0.67
4838400.00       1.15
4924800.00       5.31
5011200.00       1.54
5097600.00       1.10
5184000.00       0.12
5270400.00       0.03
5356800.00       0.97
5443200.00       5.24
5529600.00       1.04
5616000.00       0.97
5702400.00      10.55
5788800.00       3.47
5875200.00       0.06
5961600.00       0.03
6048000.00       2.07
6134400.00       1.90
6220800.00       3.32
6307200.00       9.38
6393600.00       4.75
6480000.00       3.36
6566400.00       2.21
6652800.00       0.81
6739200.00       4.79
6825600.00       0.03
6912000.00       0.02
6998400.00       0.02
7084800.00       0.13
7171200.00       0.03
7257600.00       0.23
7344000.00       5.24
7430400.00       0.55
7516800.00       2.54
7603200.00       1.45
7689600.00       2.74
7776000.00       0.40
7862400.00       0.03
7948800.00       0.11
8035200.00       0.05
8121600.00       1.32
8208000.00      14.83
8294400.00       2.75
8380800.00       0.47
8467200.00      12.90
8553600.00       1.45
8640000.00       0.04
8726400.00       8.00
8812800.00       2.63
8899200.00       4.17
8985600.00       9.40
9072000.00      20.04
9158400.00       1.19
9244800.00       0.09
9331200.00       2.16
9417600.00       0.08
9504000.00       0.24
9590400.00       0.01
9676800.00       0.00
9763200.00       0.13
9849600.00       0.08
9936000.00       0.02
10022400.00       3.20
10108800.00       0.07
10195200.00       0.28
10281600.00       0.96
10368000.00       0.23
10454400.00       0.11
10540800.00       0.05
10627200.00       3.13
10713600.00       2.44
10800000.00       2.60
10886400.00       0.23
10972800.00       0.04
11059200.00       1.54
11145600.00       1.66
11232000.00      10.10
11318400.00       0.06
11404800.00       0.03
11491200.00       0.02
11577600.00       0.02
11664000.00       0.03
11750400.00       0.17
11836800.00       0.19
11923200.00       0.61
12009600.00       2.32
12096000.00      16.22
12182400.00       0.25
12268800.00       0.18
12355200.00       1.14
12441600.00      14.75
12528000.00      10.04
12614400.00       0.05
12700800.00       0.49
12787200.00       0.05
12873600.00       0.04
12960000.00       0.15
13046400.00       0.27
13132800.00       0.06
13219200.00       0.01
13305600.00       0.63
13392000.00       0.57
13478400.00       0.44
13564800.00      10.88
13651200.00       2.99
13737600.00       0.62
13824000.00       0.01
13910400.00       0.52
13996800.00       0.12
14083200.00       0.01
14169600.00       0.00
14256000.00       0.00
14342400.00       0.04
14428800.00       0.07
14515200.00       0.49
14601600.00       0.04
14688000.00       0.01
14774400.00       0.00
14860800.00       0.01
14947200.00       0.02
15033600.00       1.93
15120000.00       1.55
15206400.00       0.08
15292800.00       0.02
15379200.00       0.02
15465600.00       2.39
15552000.00       0.37
15638400.00       0.50
15724800.00       5.70
15811200.00       0.08
15897600.00       0.02
15984000.00       0.03
