      0.00       6.76
  86400.00       0.32
 172800.00       2.04
 259200.00       0.54
 345600.00       4.65
 432000.00       3.11
 518400.00       0.12
 604800.00       0.40
 691200.00       0.62
 777600.00       0.09
 864000.00       3.96
 950400.00       4.22
1036800.00       0.83
1123200.00       1.76
1209600.00       6.55
1296000.00       0.30
1382400.00       0.67
1468800.00       3.11
1555200.00       2.91
1641600.00       6.99
1728000.00       3.55
1814400.00       0.25
1900800.00      14.02
1987200.00       2.58
2073600.00       0.02
2160000.00       0.03
2246400.00       0.08
2332800.00       6.92
2419200.00       1.29
2505600.00       3.45
2592000.00       0.70
2678400.00      10.03
2764800.00       2.24
2851200.00       2.45
2937600.00       8.70
3024000.00       7.17
3110400.00       3.42
3196800.00       2.83
3283200.00       1.18
3369600.00       1.06
3456000.00       0.12
3542400.00       0.14
3628800.00       1.39
3715200.00       0.18
3801600.00       7.30
3888000.00       1.24
3974400.00       0.73
4060800.00       1.32
4147200.00       5.04
4233600.00       1.90
4320000.00       7.11
4406400.00       4.64
4492800.00       8.27
4579200.00       1.58
4665600.00       0.13
4752000.00       0.14
4838400.00       1.12
4924800.00       0.61
5011200.00       0.69
5097600.00       0.08
5184000.00       0.22
5270400.00       0.05
5356800.00       0.44
5443200.00       0.25
5529600.00       0.56
5616000.00       0.53
5702400.00       0.11
5788800.00       0.02
5875200.00       0.02
5961600.00       0.36
6048000.00       0.12
6134400.00       1.43
6220800.00       4.60
6307200.00       0.04
6393600.00       1.93
6480000.00       2.09
6566400.00       2.45
6652800.00       7.10
6739200.00       1.69
6825600.00       0.20
6912000.00       0.11
6998400.00       2.76
7084800.00       0.25
7171200.00       2.86
7257600.00       0.20
7344000.00       1.28
7430400.00       0.29
7516800.00       0.16
7603200.00       0.16
7689600.00       0.09
7776000.00       0.24
7862400.00       0.06
7948800.00       0.05
8035200.00       0.21
8121600.00       0.04
8208000.00       0.06
8294400.00       0.03
8380800.00       0.03
8467200.00       0.09
8553600.00       0.87
8640000.00       0.12
8726400.00      14.56
8812800.00       2.44
8899200.00       0.05
8985600.00       0.02
9072000.00       0.39
9158400.00       0.17
9244800.00       0.01
9331200.00       0.02
9417600.00       0.03
9504000.00       0.02
9590400.00       0.28
9676800.00       0.03
9763200.00       0.12
9849600.00       0.02
9936000.00       0.05
10022400.00       0.04
10108800.00       0.11
10195200.00       0.09
10281600.00       4.69
10368000.00       1.20
10454400.00       0.00
10540800.00       0.02
10627200.00       0.03
10713600.00       0.04
10800000.00       0.61
10886400.00       0.09
10972800.00       0.00
11059200.00       0.00
11145600.00       0.01
11232000.00       0.00
11318400.00       0.00
11404800.00       0.01
11491200.00       2.79
11577600.00       0.06
11664000.00       0.24
11750400.00       0.92
11836800.00       0.02
11923200.00       0.00
12009600.00       0.82
12096000.00       0.05
12182400.00       0.12
12268800.00       0.06
12355200.00       0.01
12441600.00       0.00
12528000.00       0.18
12614400.00       0.30
12700800.00       0.00
12787200.00       0.12
12873600.00       0.89
12960000.00       0.05
13046400.00       1.82
13132800.00       5.14
13219200.00       0.08
13305600.00       0.05
13392000.00       0.07
13478400.00       0.62
13564800.00       0.01
13651200.00       0.01
13737600.00       0.01
13824000.00       0.04
13910400.00       0.17
13996800.00       0.18
14083200.00       0.01
14169600.00       0.01
14256000.00       0.04
14342400.00       5.31
14428800.00       2.58
14515200.00       0.03
14601600.00       1.80
14688000.00       0.29
14774400.00       0.01
14860800.00       0.01
14947200.00       0.00
15033600.00       0.02
15120000.00       0.51
15206400.00       0.74
15292800.00       0.04
15379200.00       1.67
15465600.00       0.09
15552000.00       0.80
15638400.00       0.10
15724800.00       0.00
15811200.00       1.29
15897600.00       2.14
15984000.00       0.00
