      0.00       0.00
  86400.00       3.00
 172800.00       0.10
 259200.00       5.60
 345600.00       4.40
 432000.00       0.50
 518400.00       0.00
 604800.00       0.00
 691200.00       0.00
 777600.00       0.00
 864000.00       0.00
 950400.00       0.40
1036800.00       0.00
1123200.00       0.00
1209600.00       0.00
1296000.00       0.00
1382400.00       0.10
1468800.00       0.20
1555200.00       0.00
1641600.00       0.50
1728000.00      11.10
1814400.00       5.80
1900800.00       1.40
1987200.00       0.00
2073600.00       0.00
2160000.00       0.00
2246400.00       0.00
2332800.00       0.00
2419200.00       0.00
2505600.00       0.00
2592000.00       0.00
2678400.00       0.00
2764800.00       0.00
2851200.00       0.00
2937600.00       5.20
3024000.00       4.90
3110400.00       0.00
3196800.00       0.00
3283200.00       0.00
3369600.00       0.00
3456000.00       0.00
3542400.00       0.00
3628800.00       0.00
3715200.00       0.00
3801600.00       0.00
3888000.00       0.00
3974400.00       0.00
4060800.00       2.50
4147200.00       0.10
4233600.00       0.00
4320000.00       0.00
4406400.00       0.00
4492800.00       0.00
4579200.00       1.70
4665600.00       5.00
4752000.00       9.00
4838400.00       3.70
4924800.00       4.30
5011200.00       5.50
5097600.00      11.70
5184000.00       0.00
5270400.00       0.40
5356800.00       0.20
5443200.00       0.00
5529600.00       0.00
5616000.00       1.60
5702400.00       0.00
5788800.00      14.18
5875200.00       1.30
5961600.00       0.00
6048000.00       0.00
6134400.00       1.00
6220800.00       0.70
6307200.00       0.10
6393600.00       0.00
6480000.00       0.40
6566400.00       5.79
6652800.00       0.00
6739200.00      10.59
6825600.00       4.89
6912000.00       0.30
6998400.00       0.00
7084800.00       0.00
7171200.00       0.00
7257600.00       0.30
7344000.00       0.80
7430400.00      21.07
7516800.00       3.10
7603200.00       2.80
7689600.00       1.20
7776000.00       1.20
7862400.00      10.79
7948800.00       2.69
8035200.00       3.19
8121600.00       0.00
8208000.00       2.29
8294400.00       0.80
8380800.00       0.00
8467200.00       0.30
8553600.00       9.77
8640000.00       3.89
8726400.00       1.80
8812800.00       5.29
8899200.00       2.99
8985600.00       0.10
9072000.00       3.39
9158400.00       2.09
9244800.00       3.79
9331200.00       1.50
9417600.00       3.99
9504000.00       6.38
9590400.00       1.50
9676800.00       0.80
9763200.00       0.00
9849600.00       4.29
9936000.00       0.30
10022400.00       4.29
10108800.00       0.30
10195200.00      10.37
10281600.00       0.00
10368000.00       0.00
10454400.00       0.00
10540800.00       0.00
10627200.00       0.00
10713600.00       9.70
10800000.00       0.10
10886400.00       0.00
10972800.00       0.00
11059200.00       0.00
11145600.00       0.00
11232000.00       0.00
11318400.00       0.00
11404800.00       0.00
11491200.00       0.00
11577600.00       0.00
11664000.00       0.30
11750400.00       9.30
11836800.00       0.20
11923200.00       4.20
12009600.00       3.00
12096000.00       0.00
12182400.00       0.00
12268800.00       2.30
12355200.00       0.00
12441600.00       0.00
12528000.00       2.30
12614400.00       0.00
12700800.00      12.60
12787200.00       0.60
12873600.00       3.60
12960000.00       0.00
13046400.00       0.00
13132800.00       0.00
13219200.00       0.50
13305600.00       0.30
13392000.00       0.00
13478400.00       0.00
13564800.00       0.00
13651200.00       0.00
13737600.00       4.40
13824000.00       5.20
13910400.00      27.28
13996800.00       0.70
14083200.00       7.49
14169600.00       3.70
14256000.00       0.40
14342400.00       3.60
14428800.00       0.00
14515200.00      22.58
14601600.00       0.20
14688000.00       1.30
14774400.00       7.39
14860800.00       0.40
14947200.00       1.40
15033600.00       3.40
15120000.00       0.10
15206400.00       1.70
15292800.00       0.60
15379200.00       0.00
15465600.00       7.19
15552000.00       7.49
15638400.00       2.40
15724800.00       3.00
15811200.00       1.80
