      0.00       0.10
  86400.00       2.60
 172800.00       0.50
 259200.00       0.00
 345600.00       0.00
 432000.00       0.00
 518400.00       0.00
 604800.00       0.20
 691200.00       1.00
 777600.00       0.10
 864000.00       0.80
 950400.00       0.00
1036800.00       0.00
1123200.00       0.00
1209600.00       0.00
1296000.00       0.00
1382400.00       0.00
1468800.00       0.00
1555200.00       0.00
1641600.00       0.00
1728000.00       0.00
1814400.00       0.10
1900800.00       0.70
1987200.00       0.70
2073600.00       2.50
2160000.00       3.30
2246400.00       0.70
2332800.00       2.00
2419200.00       0.00
2505600.00       0.00
2592000.00       0.00
2678400.00       0.50
2764800.00       2.20
2851200.00       0.00
2937600.00       0.80
3024000.00       6.71
3110400.00       2.20
3196800.00       5.31
3283200.00       4.60
3369600.00       3.40
3456000.00       1.60
3542400.00       2.30
3628800.00       0.10
3715200.00       4.60
3801600.00      12.21
3888000.00       8.81
3974400.00       0.60
4060800.00       2.70
4147200.00      17.42
4233600.00       9.81
4320000.00       0.60
4406400.00       4.70
4492800.00       9.21
4579200.00       0.80
4665600.00       1.40
4752000.00       0.00
4838400.00       1.80
4924800.00       1.00
5011200.00       0.00
5097600.00       0.00
5184000.00       0.00
5270400.00       0.00
5356800.00       0.00
5443200.00       0.00
5529600.00      11.00
5616000.00       4.00
5702400.00       4.60
5788800.00       2.10
5875200.00       5.60
5961600.00       0.80
6048000.00       0.00
6134400.00      14.90
6220800.00       0.50
6307200.00       0.00
6393600.00       0.00
6480000.00       0.00
6566400.00       0.00
6652800.00       5.80
6739200.00       0.00
6825600.00       1.50
6912000.00       0.00
6998400.00       0.10
7084800.00       0.80
7171200.00       0.00
7257600.00       2.10
7344000.00       2.30
7430400.00       0.00
7516800.00       0.00
7603200.00       0.00
7689600.00       0.00
7776000.00       0.00
7862400.00       0.00
7948800.00       0.00
8035200.00       0.00
8121600.00       0.00
8208000.00       0.00
8294400.00       0.00
8380800.00       0.70
8467200.00       0.10
8553600.00       0.00
8640000.00       0.80
8726400.00      11.01
8812800.00       0.30
8899200.00       0.70
8985600.00       0.50
9072000.00       3.40
9158400.00       0.00
9244800.00       7.01
9331200.00       3.20
9417600.00       0.60
9504000.00       4.11
9590400.00       2.10
9676800.00       1.40
9763200.00      34.34
9849600.00       1.70
9936000.00       2.00
10022400.00       5.61
10108800.00       0.40
10195200.00       0.20
10281600.00       0.00
10368000.00       0.00
10454400.00       0.00
10540800.00       0.00
10627200.00       0.00
10713600.00       0.00
10800000.00       2.00
10886400.00       9.99
10972800.00       1.20
11059200.00       0.00
11145600.00       0.10
11232000.00       0.40
11318400.00       5.19
11404800.00       0.00
11491200.00       0.00
11577600.00       0.00
11664000.00       0.00
11750400.00       3.10
11836800.00       0.20
11923200.00       0.70
12009600.00       4.29
12096000.00       8.59
12182400.00       2.40
12268800.00       0.10
12355200.00       0.00
12441600.00       0.00
12528000.00       5.09
12614400.00       0.60
12700800.00       2.50
12787200.00       0.00
12873600.00       9.19
12960000.00       8.49
13046400.00       3.70
13132800.00       7.89
13219200.00       2.80
13305600.00       8.41
13392000.00       3.80
13478400.00       0.80
13564800.00       1.60
13651200.00      25.93
13737600.00       0.00
13824000.00       0.30
13910400.00       4.00
13996800.00       0.80
14083200.00       1.00
14169600.00       0.00
14256000.00       0.10
14342400.00       0.10
14428800.00       0.00
14515200.00       0.00
14601600.00       0.00
14688000.00       0.00
14774400.00       0.00
14860800.00       0.00
14947200.00       1.10
15033600.00       0.00
15120000.00       0.00
15206400.00       0.10
15292800.00       0.10
15379200.00       0.00
15465600.00       0.00
15552000.00       1.10
15638400.00      31.03
15724800.00       8.01
15811200.00       1.40
