      0.00       3.44
  86400.00       0.00
 172800.00       0.79
 259200.00       0.20
 345600.00       0.10
 432000.00       0.00
 518400.00       1.47
 604800.00       0.10
 691200.00       0.79
 777600.00       0.00
 864000.00       0.10
 950400.00       2.26
1036800.00       0.00
1123200.00       0.88
1209600.00       1.97
1296000.00       0.29
1382400.00       2.85
1468800.00       4.23
1555200.00       0.00
1641600.00       2.56
1728000.00       1.18
1814400.00       4.72
1900800.00       0.79
1987200.00       0.88
2073600.00       1.08
2160000.00       0.00
2246400.00       2.06
2332800.00       0.49
2419200.00       0.00
2505600.00       6.59
2592000.00      13.08
2678400.00       1.79
2764800.00       0.89
2851200.00      12.52
2937600.00       1.59
3024000.00       1.59
3110400.00       2.19
3196800.00       2.88
3283200.00      13.22
3369600.00       6.36
3456000.00       0.50
3542400.00       0.00
3628800.00       4.87
3715200.00       0.00
3801600.00       2.48
3888000.00       3.98
3974400.00       0.00
4060800.00       0.00
4147200.00       0.00
4233600.00       0.10
4320000.00       0.00
4406400.00       0.20
4492800.00       5.57
4579200.00       2.48
4665600.00       0.00
4752000.00       0.80
4838400.00       2.19
4924800.00       0.00
5011200.00       0.00
5097600.00       0.00
5184000.00       0.00
5270400.00       0.00
5356800.00       0.00
5443200.00       0.00
5529600.00       3.29
5616000.00       3.89
5702400.00       1.30
5788800.00       5.68
5875200.00       0.10
5961600.00       0.00
6048000.00       0.00
6134400.00       4.19
6220800.00       1.79
6307200.00       0.00
6393600.00      10.27
6480000.00       1.40
6566400.00      13.16
6652800.00       4.09
6739200.00       0.00
6825600.00       0.30
6912000.00       4.98
6998400.00      16.44
7084800.00       0.80
7171200.00       1.20
7257600.00       3.69
7344000.00       9.17
7430400.00       2.59
7516800.00       0.00
7603200.00       0.00
7689600.00       0.00
7776000.00       0.00
7862400.00       0.00
7948800.00       0.00
8035200.00       0.50
8121600.00       2.20
8208000.00       8.30
8294400.00       0.60
8380800.00       0.00
8467200.00       2.30
8553600.00       0.40
8640000.00       0.10
8726400.00       0.00
8812800.00       0.00
8899200.00       0.00
8985600.00       0.00
9072000.00       0.00
9158400.00       0.00
9244800.00       0.00
9331200.00       0.00
9417600.00       0.00
9504000.00       0.00
9590400.00       1.50
9676800.00       0.70
9763200.00       0.00
9849600.00       0.00
9936000.00      12.60
10022400.00       0.10
10108800.00       0.00
10195200.00       0.00
10281600.00       0.40
10368000.00       0.00
10454400.00       0.00
10540800.00       0.75
10627200.00       0.00
10713600.00       3.49
10800000.00       0.09
10886400.00       0.00
10972800.00       1.41
11059200.00       2.45
11145600.00       0.28
11232000.00       0.00
11318400.00       0.00
11404800.00       0.00
11491200.00       2.08
11577600.00       0.00
11664000.00       0.09
11750400.00       0.00
11836800.00       0.00
11923200.00       0.00
12009600.00       0.00
12096000.00       0.00
12182400.00       0.00
12268800.00       0.00
12355200.00       0.00
12441600.00       0.57
12528000.00       5.66
12614400.00       0.09
12700800.00       0.28
12787200.00       4.15
12873600.00       0.00
12960000.00       0.00
13046400.00       0.75
13132800.00       2.74
13219200.00       0.10
13305600.00       1.19
13392000.00       0.89
13478400.00       1.19
13564800.00       0.00
13651200.00       0.00
13737600.00       0.00
13824000.00       0.00
13910400.00       3.18
13996800.00      15.70
14083200.00       2.98
14169600.00       0.00
14256000.00       0.00
14342400.00       0.00
14428800.00       0.00
14515200.00       5.27
14601600.00       0.10
14688000.00       3.98
14774400.00       0.10
14860800.00       0.00
14947200.00       0.00
15033600.00       0.00
15120000.00       1.39
15206400.00       4.47
15292800.00       1.79
15379200.00       1.29
15465600.00       0.00
15552000.00       0.10
15638400.00       0.10
15724800.00       0.89
15811200.00      20.97
