      0.00       0.27
  86400.00      10.55
 172800.00       4.25
 259200.00       0.15
 345600.00       0.09
 432000.00       0.05
 518400.00       0.07
 604800.00       0.01
 691200.00       0.01
 777600.00       0.00
 864000.00       0.12
 950400.00       0.16
1036800.00       0.21
1123200.00       0.01
1209600.00       0.01
1296000.00       0.04
1382400.00       0.00
1468800.00       0.05
1555200.00       0.00
1641600.00       5.46
1728000.00       4.55
1814400.00       0.60
1900800.00       1.26
1987200.00       3.11
2073600.00       0.79
2160000.00       3.24
2246400.00       1.57
2332800.00       0.74
2419200.00       0.04
2505600.00       0.03
2592000.00       1.24
2678400.00       0.10
2764800.00       0.10
2851200.00       0.00
2937600.00       0.10
3024000.00       2.73
3110400.00       2.61
3196800.00       7.84
3283200.00       0.11
3369600.00       0.01
3456000.00       0.00
3542400.00       0.06
3628800.00       0.00
3715200.00       0.00
3801600.00       0.01
3888000.00       0.01
3974400.00       0.01
4060800.00       0.00
4147200.00       0.03
4233600.00       0.47
4320000.00      10.75
4406400.00      12.60
4492800.00       0.22
4579200.00       1.93
4665600.00       4.24
4752000.00       8.93
4838400.00       2.92
4924800.00       1.11
5011200.00       1.15
5097600.00       0.73
5184000.00       4.26
5270400.00       4.43
5356800.00       0.06
5443200.00       0.05
5529600.00       0.00
5616000.00       0.77
5702400.00       0.56
5788800.00       2.22
5875200.00       4.53
5961600.00       5.49
6048000.00       2.11
6134400.00       0.22
6220800.00       5.02
6307200.00       4.03
6393600.00       0.09
6480000.00       0.01
6566400.00       0.00
6652800.00       0.00
6739200.00       0.03
6825600.00       0.95
6912000.00       0.23
6998400.00      10.86
7084800.00       6.00
7171200.00       8.96
7257600.00       3.84
7344000.00       2.93
7430400.00       9.93
7516800.00       8.82
7603200.00       0.88
7689600.00       0.45
7776000.00       0.05
7862400.00       0.00
7948800.00       0.12
8035200.00       0.55
8121600.00       4.64
8208000.00       3.82
8294400.00       0.04
8380800.00       1.92
8467200.00       2.68
8553600.00       0.35
8640000.00       1.35
8726400.00       0.03
8812800.00       0.02
8899200.00       0.00
8985600.00       5.96
9072000.00       0.65
9158400.00       0.01
9244800.00       0.08
9331200.00       0.11
9417600.00       0.07
9504000.00       0.12
9590400.00       0.03
9676800.00       0.01
9763200.00       0.01
9849600.00       0.69
9936000.00       1.08
10022400.00       0.01
10108800.00       2.15
10195200.00       0.60
10281600.00       8.96
10368000.00       0.30
10454400.00       1.92
10540800.00       0.03
10627200.00       0.00
10713600.00       0.00
10800000.00       5.69
10886400.00       2.33
10972800.00       0.61
11059200.00       0.76
11145600.00       4.54
11232000.00       0.26
11318400.00       3.76
11404800.00       1.21
11491200.00       2.04
11577600.00       2.27
11664000.00       0.07
11750400.00       0.07
11836800.00       0.03
11923200.00       4.69
12009600.00       7.58
12096000.00       0.81
12182400.00       5.56
12268800.00       0.01
12355200.00       0.01
12441600.00       0.00
12528000.00       0.03
12614400.00       2.47
12700800.00       0.01
12787200.00       4.36
12873600.00       3.82
12960000.00       0.00
13046400.00       0.00
13132800.00       0.00
13219200.00       1.74
13305600.00       4.08
13392000.00       0.00
13478400.00       0.15
13564800.00       9.99
13651200.00       0.03
13737600.00       0.42
13824000.00      19.07
13910400.00       8.06
13996800.00       7.65
14083200.00       3.49
14169600.00       1.12
14256000.00       0.98
14342400.00       7.35
14428800.00       1.99
14515200.00       0.05
14601600.00       0.78
14688000.00       1.18
14774400.00       0.38
14860800.00       0.04
14947200.00       0.51
15033600.00       0.47
15120000.00       0.19
15206400.00       3.23
15292800.00      28.91
15379200.00       4.90
15465600.00       1.73
15552000.00       0.24
15638400.00       0.91
15724800.00       0.01
15811200.00       0.27
