      0.00       0.00
  86400.00       0.00
 172800.00       0.10
 259200.00       0.10
 345600.00       0.00
 432000.00       0.00
 518400.00       0.00
 604800.00       0.00
 691200.00       0.10
 777600.00       0.00
 864000.00       0.00
 950400.00       0.20
1036800.00       0.00
1123200.00       0.00
1209600.00       0.00
1296000.00       0.00
1382400.00       0.00
1468800.00       0.00
1555200.00       0.00
1641600.00       0.00
1728000.00       0.00
1814400.00       0.00
1900800.00       0.00
1987200.00       0.00
2073600.00       0.00
2160000.00       2.48
2246400.00       2.68
2332800.00       0.50
2419200.00       2.68
2505600.00       2.98
2592000.00       0.30
2678400.00       3.60
2764800.00       4.90
2851200.00       0.70
2937600.00       1.90
3024000.00       5.50
3110400.00       2.20
3196800.00       0.00
3283200.00       0.10
3369600.00       0.00
3456000.00       0.00
3542400.00       0.10
3628800.00       4.30
3715200.00       0.90
3801600.00       0.10
3888000.00       0.30
3974400.00       4.30
4060800.00       0.30
4147200.00       0.00
4233600.00       0.00
4320000.00       0.00
4406400.00       0.00
4492800.00       0.00
4579200.00       0.00
4665600.00       0.00
4752000.00       0.00
4838400.00       3.90
4924800.00       4.00
5011200.00       0.50
5097600.00       5.00
5184000.00      16.40
5270400.00       3.41
5356800.00       0.00
5443200.00       0.00
5529600.00       0.00
5616000.00       0.00
5702400.00       0.00
5788800.00       0.70
5875200.00       0.00
5961600.00       0.00
6048000.00       0.00
6134400.00       0.00
6220800.00       0.00
6307200.00       6.01
6393600.00       5.11
6480000.00      11.02
6566400.00       0.80
6652800.00       0.80
6739200.00      11.02
6825600.00       0.00
6912000.00       0.70
6998400.00       0.00
7084800.00       0.70
7171200.00       0.00
7257600.00       0.00
7344000.00       0.30
7430400.00       0.00
7516800.00       2.91
7603200.00       0.00
7689600.00       0.00
7776000.00       1.60
7862400.00       0.50
7948800.00       2.90
8035200.00       3.00
8121600.00       0.70
8208000.00       0.10
8294400.00       0.00
8380800.00       0.00
8467200.00       0.00
8553600.00       0.00
8640000.00       0.00
8726400.00       0.00
8812800.00       7.00
8899200.00       1.10
8985600.00       0.70
9072000.00       3.20
9158400.00       6.30
9244800.00       2.70
9331200.00       2.00
9417600.00       1.60
9504000.00       1.50
9590400.00       0.10
9676800.00       9.10
9763200.00       0.10
9849600.00       0.00
9936000.00       0.10
10022400.00       0.00
10108800.00       0.30
10195200.00       1.80
10281600.00       0.00
10368000.00       1.80
10454400.00       9.80
10540800.00       1.00
10627200.00       1.99
10713600.00       0.10
10800000.00       0.00
10886400.00       0.40
10972800.00       0.50
11059200.00       0.10
11145600.00       2.09
11232000.00       2.39
11318400.00       0.10
11404800.00      15.15
11491200.00      11.76
11577600.00       2.99
11664000.00       6.08
11750400.00       0.50
11836800.00       3.09
11923200.00       0.10
12009600.00       3.69
12096000.00       1.10
12182400.00       0.30
12268800.00       1.10
12355200.00       5.08
12441600.00       3.19
12528000.00       0.00
12614400.00       0.50
12700800.00       1.79
12787200.00       3.29
12873600.00       0.00
12960000.00       1.79
13046400.00      11.06
13132800.00       6.28
13219200.00       0.00
13305600.00       0.00
13392000.00       0.00
13478400.00       0.00
13564800.00       0.20
13651200.00       0.00
13737600.00       0.00
13824000.00       0.00
13910400.00       0.00
13996800.00       0.00
14083200.00       0.00
14169600.00       0.00
14256000.00       0.00
14342400.00       0.00
14428800.00       2.40
14515200.00       0.00
14601600.00       1.50
14688000.00       0.00
14774400.00      14.87
14860800.00       5.99
14947200.00       7.79
15033600.00       0.20
15120000.00       9.98
15206400.00       1.70
15292800.00       0.00
15379200.00       0.00
15465600.00       0.00
15552000.00       1.80
15638400.00       9.78
15724800.00       0.10
15811200.00       0.00
