      0.00       0.00
  86400.00       0.00
 172800.00       1.91
 259200.00       0.20
 345600.00       0.00
 432000.00       0.00
 518400.00       1.41
 604800.00       4.52
 691200.00       2.61
 777600.00       5.43
 864000.00       0.00
 950400.00       0.00
1036800.00       0.00
1123200.00       0.00
1209600.00       0.00
1296000.00       0.00
1382400.00       0.00
1468800.00       0.00
1555200.00       0.00
1641600.00       0.30
1728000.00       0.00
1814400.00       0.00
1900800.00       0.50
1987200.00       0.00
2073600.00       3.02
2160000.00       0.30
2246400.00       0.00
2332800.00      14.37
2419200.00       1.91
2505600.00       1.81
2592000.00       0.80
2678400.00       1.80
2764800.00       7.01
2851200.00       3.81
2937600.00       8.42
3024000.00       0.90
3110400.00       0.00
3196800.00       4.21
3283200.00       5.21
3369600.00       0.10
3456000.00       1.00
3542400.00       0.00
3628800.00       0.00
3715200.00       0.00
3801600.00       0.10
3888000.00       0.30
3974400.00       1.50
4060800.00       1.10
4147200.00       4.41
4233600.00       2.81
4320000.00       0.70
4406400.00       6.41
4492800.00       0.00
4579200.00       0.50
4665600.00       0.00
4752000.00       0.00
4838400.00       0.00
4924800.00       0.00
5011200.00       0.00
5097600.00       0.00
5184000.00       0.00
5270400.00       0.00
5356800.00       0.00
5443200.00       0.20
5529600.00       1.60
5616000.00       4.21
5702400.00       0.70
5788800.00       1.90
5875200.00       0.60
5961600.00       0.50
6048000.00       3.11
6134400.00       5.31
6220800.00       0.10
6307200.00       0.00
6393600.00       0.30
6480000.00       0.30
6566400.00       0.20
6652800.00       0.40
6739200.00       2.91
6825600.00       1.10
6912000.00       9.02
6998400.00       1.00
7084800.00       0.10
7171200.00       0.20
7257600.00       1.40
7344000.00       0.00
7430400.00       2.91
7516800.00       6.41
7603200.00       0.10
7689600.00       2.41
7776000.00       0.00
7862400.00       0.00
7948800.00       0.00
8035200.00       0.00
8121600.00       0.00
8208000.00       0.00
8294400.00       0.00
8380800.00       0.00
8467200.00       0.00
8553600.00       0.00
8640000.00       0.00
8726400.00       1.09
8812800.00       0.69
8899200.00       0.00
8985600.00       0.00
9072000.00       0.00
9158400.00       0.20
9244800.00       0.00
9331200.00       0.10
9417600.00       2.76
9504000.00       0.10
9590400.00       0.59
9676800.00       0.10
9763200.00       0.00
9849600.00       0.00
9936000.00       0.00
10022400.00       0.00
10108800.00       0.69
10195200.00       0.00
10281600.00       1.18
10368000.00       0.00
10454400.00       0.00
10540800.00       0.00
10627200.00       0.00
10713600.00       0.00
10800000.00       0.60
10886400.00       0.10
10972800.00       0.00
11059200.00       0.00
11145600.00       0.00
11232000.00       1.10
11318400.00       2.30
11404800.00       2.99
11491200.00       0.50
11577600.00       5.39
11664000.00       7.19
11750400.00       0.20
11836800.00       0.00
11923200.00       0.00
12009600.00       3.19
12096000.00       0.10
12182400.00       7.29
12268800.00       1.50
12355200.00       0.40
12441600.00       0.00
12528000.00       0.00
12614400.00       3.59
12700800.00      16.67
12787200.00       0.00
12873600.00       0.10
12960000.00       0.10
13046400.00       0.40
13132800.00       0.00
13219200.00       0.60
13305600.00       0.00
13392000.00       5.09
13478400.00       0.00
13564800.00       0.40
13651200.00      30.72
13737600.00       3.49
13824000.00       0.00
13910400.00       3.79
13996800.00       0.00
14083200.00       0.70
14169600.00       0.10
14256000.00       0.00
14342400.00       7.48
14428800.00       0.90
14515200.00      11.07
14601600.00       0.00
14688000.00       0.00
14774400.00       0.00
14860800.00       1.30
14947200.00       0.40
15033600.00       0.10
15120000.00       5.19
15206400.00       0.00
15292800.00       0.00
15379200.00       1.80
15465600.00       0.30
15552000.00       0.00
15638400.00       0.00
15724800.00       0.00
15811200.00       0.00
