      0.00       1.50
  86400.00       1.30
 172800.00       0.00
 259200.00       0.00
 345600.00       0.40
 432000.00       3.30
 518400.00       3.90
 604800.00       2.40
 691200.00       1.00
 777600.00       2.50
 864000.00       1.40
 950400.00       1.80
1036800.00      17.40
1123200.00       0.30
1209600.00       0.00
1296000.00      10.60
1382400.00       4.20
1468800.00       5.40
1555200.00       5.00
1641600.00       0.00
1728000.00      11.10
1814400.00       0.00
1900800.00       6.50
1987200.00       0.30
2073600.00       0.90
2160000.00       3.90
2246400.00       0.60
2332800.00       0.50
2419200.00       6.90
2505600.00       0.00
2592000.00       3.30
2678400.00       3.91
2764800.00       0.50
2851200.00       2.21
2937600.00       2.91
3024000.00       3.21
3110400.00       6.32
3196800.00       5.42
3283200.00      13.14
3369600.00       4.81
3456000.00       1.50
3542400.00       0.10
3628800.00       8.22
3715200.00       2.71
3801600.00       0.10
3888000.00       0.00
3974400.00       0.00
4060800.00       0.00
4147200.00       0.00
4233600.00       0.00
4320000.00       0.00
4406400.00       0.00
4492800.00       0.00
4579200.00       0.00
4665600.00       0.00
4752000.00       0.00
4838400.00       0.20
4924800.00       2.21
5011200.00       0.30
5097600.00       3.91
5184000.00       4.71
5270400.00       1.60
5356800.00       0.30
5443200.00       2.20
5529600.00       4.30
5616000.00       1.60
5702400.00       0.00
5788800.00       0.10
5875200.00       1.10
5961600.00       0.70
6048000.00       0.00
6134400.00       0.00
6220800.00       0.00
6307200.00       0.00
6393600.00       0.00
6480000.00       2.90
6566400.00       0.00
6652800.00       0.90
6739200.00       2.30
6825600.00       2.50
6912000.00       3.50
6998400.00       4.80
7084800.00       1.30
7171200.00       7.00
7257600.00       0.50
7344000.00       0.00
7430400.00      18.00
7516800.00       2.30
7603200.00       0.80
7689600.00       0.20
7776000.00       0.00
7862400.00       0.00
7948800.00       0.00
8035200.00       0.00
8121600.00       0.00
8208000.00       0.00
8294400.00       0.00
8380800.00       0.00
8467200.00       0.00
8553600.00       0.00
8640000.00       3.00
8726400.00       0.30
8812800.00      16.70
8899200.00       1.30
8985600.00       0.00
9072000.00       0.60
9158400.00       0.00
9244800.00       0.00
9331200.00       0.00
9417600.00       0.20
9504000.00       1.70
9590400.00       0.00
9676800.00       9.20
9763200.00       6.80
9849600.00       0.40
9936000.00       1.10
10022400.00       0.90
10108800.00       0.70
10195200.00       0.30
10281600.00       0.90
10368000.00       0.20
10454400.00       0.00
10540800.00       0.00
10627200.00       0.00
10713600.00       0.30
10800000.00       0.20
10886400.00       0.20
10972800.00       0.00
11059200.00       0.00
11145600.00       0.40
11232000.00       4.82
11318400.00       0.40
11404800.00       1.81
11491200.00      12.04
11577600.00       0.00
11664000.00       0.00
11750400.00       0.00
11836800.00       0.00
11923200.00       0.00
12009600.00       0.00
12096000.00       0.00
12182400.00       0.00
12268800.00       0.00
12355200.00      17.57
12441600.00       0.50
12528000.00       0.00
12614400.00       0.00
12700800.00       0.00
12787200.00       0.00
12873600.00       0.00
12960000.00       0.10
13046400.00      15.46
13132800.00       0.10
13219200.00       0.00
13305600.00       0.00
13392000.00       1.20
13478400.00       0.50
13564800.00       2.40
13651200.00      12.49
13737600.00       5.20
13824000.00       0.20
13910400.00       2.50
13996800.00       0.20
14083200.00      17.78
14169600.00       5.00
14256000.00       0.40
14342400.00       0.00
14428800.00       0.00
14515200.00       0.70
14601600.00       1.00
14688000.00       7.69
14774400.00       1.30
14860800.00       0.70
14947200.00       1.00
15033600.00       0.90
15120000.00       0.20
15206400.00       0.40
15292800.00      11.29
15379200.00       8.29
15465600.00       7.49
15552000.00       3.70
15638400.00       2.90
15724800.00      10.79
15811200.00       5.89
