      0.00       0.00
  86400.00       0.00
 172800.00       0.10
 259200.00      14.80
 345600.00      14.80
 432000.00       0.30
 518400.00       0.80
 604800.00       0.70
 691200.00       8.30
 777600.00      16.80
 864000.00       0.00
 950400.00      19.30
1036800.00       6.80
1123200.00       0.80
1209600.00      15.90
1296000.00       1.80
1382400.00       1.30
1468800.00       1.10
1555200.00       6.40
1641600.00       3.80
1728000.00       3.10
1814400.00       5.10
1900800.00       0.40
1987200.00       1.10
2073600.00       1.30
2160000.00       2.90
2246400.00       5.20
2332800.00       2.20
2419200.00      13.10
2505600.00       1.40
2592000.00       1.10
2678400.00       0.20
2764800.00       5.50
2851200.00       8.10
2937600.00       0.10
3024000.00       9.10
3110400.00       1.40
3196800.00       2.10
3283200.00       0.30
3369600.00       0.00
3456000.00       0.00
3542400.00       0.00
3628800.00       0.00
3715200.00       0.00
3801600.00       0.00
3888000.00       0.10
3974400.00       0.00
4060800.00       0.00
4147200.00       0.00
4233600.00       0.20
4320000.00       3.90
4406400.00       2.00
4492800.00       0.70
4579200.00      11.10
4665600.00       0.00
4752000.00       0.00
4838400.00       0.00
4924800.00       0.10
5011200.00       0.00
5097600.00       3.10
5184000.00       1.40
5270400.00       2.40
5356800.00       7.60
5443200.00       3.40
5529600.00       2.00
5616000.00       1.40
5702400.00       1.80
5788800.00       0.20
5875200.00       0.10
5961600.00       0.50
6048000.00       1.00
6134400.00       0.10
6220800.00       0.90
6307200.00       0.10
6393600.00       1.20
6480000.00       0.20
6566400.00       0.60
6652800.00       0.40
6739200.00       2.90
6825600.00       0.40
6912000.00       0.10
6998400.00       0.00
7084800.00       0.80
7171200.00       4.60
7257600.00       1.40
7344000.00       0.90
7430400.00       0.80
7516800.00       0.00
7603200.00       0.20
7689600.00       0.00
7776000.00       0.00
7862400.00       0.00
7948800.00       0.30
8035200.00       0.00
8121600.00       1.20
8208000.00       1.60
8294400.00       3.30
8380800.00       6.20
8467200.00       1.70
8553600.00       1.50
8640000.00       0.00
8726400.00       0.00
8812800.00       0.00
8899200.00       0.00
8985600.00       2.00
9072000.00      12.50
9158400.00       0.20
9244800.00       0.00
9331200.00       0.30
9417600.00       1.20
9504000.00       0.30
9590400.00       3.30
9676800.00       1.10
9763200.00       0.00
9849600.00       0.00
9936000.00       0.00
10022400.00       0.00
10108800.00       0.00
10195200.00      12.30
10281600.00       3.00
10368000.00       0.00
10454400.00       2.70
10540800.00       0.90
10627200.00       0.00
10713600.00       0.00
10800000.00       1.71
10886400.00       0.00
10972800.00       1.51
11059200.00       0.90
11145600.00       4.82
11232000.00       5.02
11318400.00       4.22
11404800.00       0.00
11491200.00       0.00
11577600.00       0.00
11664000.00       0.90
11750400.00       2.91
11836800.00       4.72
11923200.00       5.73
12009600.00       1.71
12096000.00       2.31
12182400.00       0.00
12268800.00       1.11
12355200.00       0.00
12441600.00       0.00
12528000.00       0.20
12614400.00       0.00
12700800.00       0.00
12787200.00       0.00
12873600.00       2.81
12960000.00       0.00
13046400.00       0.00
13132800.00       0.00
13219200.00       1.21
13305600.00       2.11
13392000.00       0.10
13478400.00       8.56
13564800.00       0.81
13651200.00       0.00
13737600.00       0.00
13824000.00       0.00
13910400.00       0.00
13996800.00       0.00
14083200.00       0.00
14169600.00       0.00
14256000.00       0.00
14342400.00       0.00
14428800.00       0.00
14515200.00       0.00
14601600.00       0.00
14688000.00       0.00
14774400.00       0.00
14860800.00       0.40
14947200.00       0.00
15033600.00       0.00
15120000.00       1.11
15206400.00       0.00
15292800.00       0.00
15379200.00       0.00
15465600.00       0.00
15552000.00       0.00
15638400.00       0.00
15724800.00       0.00
15811200.00       0.00
