0	4.28
86400	0.3
172800	0.49
259200	2.73
345600	3.42
432000	1.64
518400	1.01
604800	3.78
691200	5.07
777600	1.38
864000	2.2
950400	1.54
1036800	7.15
1123200	0.49
1209600	1.06
1296000	0.33
1382400	1.62
1468800	0.45
1555200	4.54
1641600	0.97
1728000	0.09
1814400	0.49
1900800	1.08
1987200	4.66
2073600	0.63
2160000	0.29
2246400	0.21
2332800	3.13
2419200	0.27
2505600	0.31
2592000	0.67
2678400	6.49
2764800	4.11
2851200	4.55
2937600	5.08
3024000	1.71
3110400	0.78
3196800	3.01
3283200	0.74
3369600	0.69
3456000	0.34
3542400	0.31
3628800	0.71
3715200	0.62
3801600	1.62
3888000	0.81
3974400	1.65
4060800	0.19
4147200	3.19
4233600	0.92
4320000	3.02
4406400	0.7
4492800	1.19
4579200	0.91
4665600	3.6
4752000	0.22
4838400	2.1
4924800	1.56
5011200	0.44
5097600	4.69
5184000	0.75
5270400	0.91
5356800	0.57
5443200	2.22
5529600	1.22
5616000	8.79
5702400	1.54
5788800	0.28
5875200	1.3
5961600	1.4
6048000	0.53
6134400	1.31
6220800	0.81
6307200	1.58
6393600	0.76
6480000	0.39
6566400	1.79
6652800	0.38
6739200	0.73
6825600	0.57
6912000	3.11
6998400	1.76
7084800	0.27
7171200	5.75
7257600	3
7344000	0.35
7430400	0.22
7516800	37.51
7603200	0.63
7689600	2.19
7776000	0.77
7862400	0.39
7948800	0.39
8035200	0.43
8121600	0.85
8208000	6.2
8294400	1.29
8380800	5.84
8467200	0.75
8553600	4.21
8640000	1.01
8726400	0.51
8812800	3.24
8899200	0.99
8985600	1.38
9072000	0.8
9158400	0.54
9244800	6.22
9331200	2.35
9417600	5.31
9504000	1.24
9590400	1.1
9676800	1.64
9763200	0.37
9849600	0.47
9936000	1.19
10022400	6.37
10108800	0.64
10195200	0.77
10281600	3.05
10368000	2.44
10454400	2.16
10540800	0.7
10627200	3.17
10713600	0.33
10800000	0.66
10886400	6.31
10972800	1.55
11059200	0.61
11145600	2.5
11232000	2.56
11318400	0.68
11404800	1.16
11491200	0.59
11577600	1.41
11664000	0.65
11750400	0.42
11836800	2.09
11923200	2.63
12009600	1.42
12096000	4.84
12182400	1.48
12268800	0.93
12355200	1.32
12441600	1.18
12528000	6.91
12614400	0.57
12700800	1.03
12787200	0.57
12873600	3.55
12960000	0.42
13046400	0.47
13132800	16.5
13219200	0.97
13305600	0.35
13392000	0.92
13478400	0.5
13564800	1.05
13651200	0.5
13737600	1.1
13824000	1.42
13910400	0.96
13996800	0.43
14083200	2.09
14169600	0.27
14256000	0.95
14342400	0.45
14428800	0.33
14515200	3.84
14601600	0.53
14688000	0.23
14774400	5.16
14860800	1.68
14947200	2.63
15033600	2.93
15120000	1.46
15206400	4.95
15292800	0.52
15379200	7.12
15465600	2.39
15552000	2.17
15638400	0.17
15724800	3.02
15811200	0.98
15897600	1.46
15984000	2.04
16070400	1.47
16156800	0.71
16243200	3.41
16329600	3.36
16416000	0.99
16502400	3.76
16588800	0.56
16675200	1.72
16761600	3.13
16848000	0.57
16934400	1.47
17020800	1.53
17107200	0.48
17193600	1.26
17280000	0.86
17366400	2.33
17452800	1.67
17539200	0.18
17625600	0.24
17712000	3.94
17798400	1.93
17884800	9.92
17971200	0.27
18057600	3.68
18144000	5.37
18230400	0.14
18316800	0.26
18403200	1.75
18489600	1.16
18576000	4.72
18662400	0.66
18748800	2.19
18835200	2.42
18921600	12.56
19008000	0.58
19094400	1.13
19180800	0.12
19267200	0.54
19353600	3.02
19440000	0.73
19526400	0.51
19612800	0.41
19699200	0.31
19785600	1.06
19872000	1.46
19958400	0.5
20044800	0.3
20131200	0.82
20217600	0.79
20304000	0.75
20390400	3.19
20476800	1.21
20563200	1.97
20649600	1.03
20736000	0.39
20822400	0.14
20908800	0.29
20995200	2.5
21081600	3.89
21168000	1.24
21254400	1.04
21340800	4.38
21427200	2.31
21513600	0.71
21600000	1.46
21686400	1.08
21772800	0.67
21859200	1.17
21945600	0.84
22032000	1.41
22118400	1.52
22204800	2.1
22291200	40
22377600	0.43
22464000	1.04
22550400	0.58
22636800	1.34
22723200	0.74
22809600	1.2
22896000	1.6
22982400	0.48
23068800	3.4
23155200	1.1
23241600	1.33
23328000	19.26
23414400	1.23
23500800	4.02
23587200	1.57
23673600	13.66
23760000	0.63
23846400	3.04
23932800	2.54
24019200	0.73
24105600	0.49
24192000	0.46
24278400	1.65
24364800	0.46
24451200	5.35
24537600	1.21
24624000	0.26
24710400	0.71
24796800	0.59
24883200	7.18
24969600	1.5
25056000	1.12
25142400	6.46
25228800	0.64
25315200	0.36
25401600	1.26
25488000	1.24
25574400	0.75
25660800	1.23
25747200	1.99
25833600	0.61
25920000	0.46
26006400	2.42
26092800	0.22
26179200	2.8
26265600	1.29
26352000	15.79
26438400	4.88
26524800	0.34
26611200	1.16
26697600	0.36
26784000	3.24
26870400	1.94
26956800	1.5
27043200	2.99
27129600	0.86
27216000	1.83
27302400	1.68
27388800	3.67
27475200	4.52
27561600	1.68
27648000	0.8
27734400	0.81
27820800	0.3
27907200	4.26
27993600	0.13
28080000	0.88
28166400	1.44
28252800	0.26
28339200	3.76
28425600	0.86
28512000	1.84
28598400	0.09
28684800	0.57
28771200	0.24
28857600	0.3
28944000	2.45
29030400	1.01
29116800	1.25
29203200	2.24
29289600	3.27
29376000	1.12
29462400	0.32
29548800	3.96
29635200	0.63
29721600	1.38
29808000	0.46
29894400	4.63
29980800	40
30067200	0.94
30153600	17.15
30240000	1.06
30326400	0.07
30412800	0.61
30499200	2.31
30585600	0.77
30672000	0.68
30758400	3.59
30844800	2.35
30931200	0.23
31017600	4.76
31104000	0.67
31190400	1.13
31276800	0.83
31363200	11.31
31449600	1.7
31536000	1.71
31622400	1.28
31708800	0.35
31795200	1.67
31881600	0.78
31968000	1.53
32054400	10.85
32140800	3.91
32227200	0.35
32313600	1.52
32400000	0.88
32486400	10.59
32572800	0.82
32659200	0.3
32745600	1.38
32832000	0.52
32918400	1.39
33004800	2.57
33091200	1.24
33177600	2.97
33264000	1.29
33350400	1.01
33436800	0.42
33523200	1.73
33609600	1.18
33696000	0.53
33782400	0.97
33868800	1.14
33955200	0.62
34041600	0.2
34128000	7.36
34214400	2.01
34300800	1.09
34387200	10.19
34473600	0.38
34560000	0.46
34646400	0.18
34732800	1.6
34819200	0.86
34905600	1.14
34992000	0.61
35078400	4.55
35164800	0.7
35251200	1.22
35337600	0.83
35424000	5.02
35510400	0.74
35596800	17.94
35683200	0.58
35769600	0.69
35856000	0.65
35942400	0.27
36028800	5.71
36115200	1.6
36201600	2.31
36288000	1.02
36374400	0.71
36460800	0.73
36547200	0.98
36633600	0.72
36720000	0.36
36806400	1.18
36892800	1.27
36979200	1.34
37065600	1.59
37152000	1.07
37238400	0.98
37324800	1.16
37411200	0.31
37497600	2.19
37584000	1.5
37670400	0.97
37756800	0.38
37843200	3.56
37929600	0.69
38016000	2.4
38102400	4.74
38188800	0.62
38275200	1.09
38361600	0.59
38448000	2.96
38534400	1.53
38620800	0.21
38707200	5.25
38793600	0.87
38880000	0.57
38966400	2.6
39052800	0.53
39139200	1.32
39225600	2.61
39312000	1.32
39398400	0.38
39484800	33.21
39571200	3.25
39657600	0.53
39744000	1.81
39830400	8.02
39916800	40
40003200	0.33
40089600	0.76
40176000	3.68
40262400	0.52
40348800	1.51
40435200	7.75
40521600	1.85
40608000	1.05
40694400	30.12
40780800	0.42
40867200	1.01
40953600	1.43
41040000	0.3
41126400	2.69
41212800	2.24
41299200	1.34
41385600	0.41
41472000	4.48
41558400	6.55
41644800	4.09
41731200	6.96
41817600	0.72
41904000	0.5
41990400	0.49
42076800	2.48
42163200	0.6
42249600	0.5
42336000	1.97
42422400	1.65
42508800	1.09
42595200	0.1
42681600	0.53
42768000	6.88
42854400	4.16
42940800	1.73
43027200	0.96
43113600	0.18
43200000	0.99
43286400	0.45
43372800	0.31
43459200	2.22
43545600	0.36
43632000	0.56
43718400	1.87
43804800	1.11
43891200	1.3
43977600	2.48
44064000	2.07
44150400	2.7
44236800	1.08
44323200	0.72
44409600	25.36
44496000	4.63
44582400	0.84
44668800	0.46
44755200	0.42
44841600	1.72
44928000	2.19
45014400	3.76
45100800	1.07
45187200	2.3
45273600	0.72
45360000	1.46
45446400	1.3
45532800	0.24
45619200	0.49
45705600	0.66
45792000	0.98
45878400	0.27
45964800	0.69
46051200	0.42
46137600	40
46224000	0.17
46310400	1.37
46396800	0.65
46483200	5.1
46569600	0.59
46656000	0.56
46742400	4.77
46828800	0.71
46915200	0.5
47001600	1.55
47088000	0.97
47174400	1.5
47260800	2.38
47347200	18.96
47433600	1.11
47520000	1.43
47606400	2.04
47692800	1.22
47779200	0.29
47865600	2.6
47952000	2.99
48038400	1
48124800	1.15
48211200	5.01
48297600	3.64
48384000	1.27
48470400	0.65
48556800	11.16
48643200	8.51
48729600	0.67
48816000	3.18
48902400	2.82
48988800	5.15
49075200	7.42
49161600	0.87
49248000	0.83
49334400	0.86
49420800	12.53
49507200	1.45
49593600	0.29
49680000	0.58
49766400	2.32
49852800	6.78
49939200	1
50025600	1.36
50112000	1.15
50198400	0.95
50284800	1.78
50371200	0.53
50457600	0.82
50544000	4.45
50630400	1.32
50716800	0.5
50803200	0.76
50889600	1.18
50976000	0.46
51062400	20.99
51148800	0.76
51235200	1.42
51321600	0.39
51408000	0.81
51494400	6.82
51580800	0.74
51667200	0.57
51753600	1.84
51840000	1.95
51926400	1.09
52012800	8.82
52099200	1.41
52185600	4.04
52272000	0.46
52358400	4.41
52444800	0.25
52531200	9.97
52617600	1.12
52704000	6.94
52790400	4.62
52876800	5.33
52963200	1.8
53049600	0.59
53136000	6.01
53222400	0.34
53308800	1.17
53395200	4.07
53481600	1.16
53568000	3.68
53654400	1.47
53740800	1.48
53827200	1.39
53913600	0.8
54000000	1.01
54086400	0.31
54172800	3.83
54259200	10.03
54345600	1.48
54432000	0.17
54518400	1.21
54604800	7.64
54691200	0.32
54777600	1.46
54864000	0.77
54950400	2.34
55036800	0.54
55123200	40
55209600	0.72
55296000	17.06
55382400	7.78
55468800	0.64
55555200	1.66
55641600	0.31
55728000	0.62
55814400	0.74
55900800	0.46
55987200	1.92
56073600	0.29
56160000	11.95
56246400	2.06
56332800	1.23
56419200	2.56
56505600	0.99
56592000	0.87
56678400	0.2
56764800	2.32
56851200	1.48
56937600	0.41
57024000	15.39
57110400	1.09
57196800	5.23
57283200	0.47
57369600	5.07
57456000	2.79
57542400	10.54
57628800	0.43
57715200	0.85
57801600	0.36
57888000	14.71
57974400	0.37
58060800	0.49
58147200	1.47
58233600	7.35
58320000	2.63
58406400	10.43
58492800	0.21
58579200	1.51
58665600	1.97
58752000	0.56
58838400	0.74
58924800	1.63
59011200	3.67
59097600	18.02
59184000	0.7
59270400	1.75
59356800	0.68
59443200	0.78
59529600	1.41
59616000	1.35
59702400	2.09
59788800	1.14
59875200	3.72
59961600	0.21
60048000	1.02
60134400	2.32
60220800	5.67
60307200	3.02
60393600	3.47
60480000	1.8
60566400	1.62
60652800	1.39
60739200	0.24
60825600	1.07
60912000	0.18
60998400	0.33
61084800	2.74
61171200	0.74
61257600	1.85
61344000	0.77
61430400	0.8
61516800	0.39
61603200	1.43
61689600	0.87
61776000	1.01
61862400	0.32
61948800	1.04
62035200	14.68
62121600	1.65
62208000	0.61
62294400	0.46
62380800	9.81
62467200	1.29
62553600	0.42
62640000	5.95
62726400	0.58
62812800	1.1
62899200	4.11
62985600	0.16
63072000	0.42
63158400	1.6
63244800	5.25
63331200	4.39
63417600	0.27
63504000	0.18
63590400	0.25
63676800	0.76
63763200	0.77
63849600	1.06
63936000	0.6
64022400	1.1
64108800	1.08
64195200	6.63
64281600	2.1
64368000	3.99
64454400	1.15
64540800	0.17
64627200	3.29
64713600	1.48
64800000	1.44
64886400	0.21
64972800	0.93
65059200	2.47
65145600	1.08
65232000	1.1
65318400	0.13
65404800	0.76
65491200	0.96
65577600	1.51
65664000	1.02
65750400	0.29
65836800	0.23
65923200	5.29
66009600	1.44
66096000	0.61
66182400	1
66268800	0.6
66355200	0.84
66441600	1.41
66528000	0.13
66614400	0.31
66700800	0.23
66787200	0.45
66873600	1.49
66960000	0.55
67046400	1.1
67132800	1.35
67219200	4.53
67305600	0.37
67392000	0.21
67478400	0.24
67564800	0.58
67651200	15.8
67737600	3.04
67824000	2.53
67910400	0.54
67996800	3.41
68083200	0.45
68169600	1.88
68256000	0.42
68342400	0.72
68428800	0.29
68515200	3.67
68601600	0.17
68688000	0.83
68774400	0.27
68860800	2.95
68947200	0.64
69033600	0.74
69120000	0.95
69206400	3.68
69292800	0.87
69379200	0.38
69465600	0.5
69552000	12.77
69638400	0.83
69724800	1.76
69811200	0.32
69897600	0.27
69984000	0.83
70070400	1.5
70156800	5.45
70243200	0.4
70329600	0.98
70416000	0.4
70502400	4.94
70588800	0.55
70675200	2.91
70761600	0.41
70848000	0.44
70934400	2.19
71020800	0.45
71107200	0.27
71193600	2.9
71280000	6.65
71366400	0.41
71452800	4.42
71539200	0.13
71625600	0.07
71712000	2.07
71798400	2.72
71884800	2.92
71971200	0.3
72057600	0.47
72144000	0.81
72230400	0.49
72316800	5.16
72403200	2.04
72489600	4.34
72576000	1.16
72662400	20.77
72748800	5.34
72835200	0.45
72921600	3.37
73008000	5
73094400	2.29
73180800	2.87
73267200	0.63
73353600	1.36
73440000	1.43
73526400	1.35
73612800	2.81
73699200	2.13
73785600	1.26
73872000	1.35
73958400	0.36
74044800	1.65
74131200	1.94
74217600	0.36
74304000	0.17
74390400	2.51
74476800	0.27
74563200	14.36
74649600	6.29
74736000	3.47
74822400	0.16
74908800	5.68
74995200	1.42
75081600	1.58
75168000	6.12
75254400	1.23
75340800	9.9
75427200	1.17
75513600	0.07
75600000	3.4
75686400	0.59
75772800	1.84
75859200	0.26
75945600	1.6
76032000	5.65
76118400	4.57
76204800	4.33
76291200	0.75
76377600	0.64
76464000	0.35
76550400	0.83
76636800	0.73
76723200	0.11
76809600	0.73
76896000	4.9
76982400	1.26
77068800	0.5
77155200	1.36
77241600	1.18
77328000	2.19
77414400	2.33
77500800	0.87
77587200	0.99
77673600	1.42
77760000	0.7
77846400	12.38
77932800	0.79
78019200	2.79
78105600	2.21
78192000	0.78
78278400	0.4
78364800	0.21
78451200	1.19
78537600	1.9
78624000	8.26
78710400	1.6
78796800	2.46
78883200	1.28
78969600	0.11
79056000	0.46
79142400	0.75
79228800	0.13
79315200	0.47
79401600	0.38
79488000	9.17
79574400	0.69
79660800	0.11
79747200	1.09
79833600	0.59
79920000	8.66
80006400	0.66
80092800	2.81
80179200	2.85
80265600	5.25
80352000	0.98
80438400	0.74
80524800	0.94
80611200	7.07
80697600	0.67
80784000	0.76
80870400	0.9
80956800	0.68
81043200	1.04
81129600	4.8
81216000	1.38
81302400	0.12
81388800	4.24
81475200	0.42
81561600	5.61
81648000	4.3
81734400	1.07
81820800	1.79
81907200	0.58
81993600	2.44
82080000	0.31
82166400	0.43
82252800	1.03
82339200	40
82425600	1.73
82512000	2.23
82598400	1.58
82684800	0.46
82771200	2.03
82857600	1.41
82944000	0.36
83030400	1.63
83116800	1.42
83203200	0.88
83289600	1.38
83376000	1.25
83462400	0.4
83548800	0.8
83635200	0.6
83721600	1.84
83808000	2.66
83894400	0.12
83980800	1.64
84067200	1.68
84153600	0.39
84240000	2.2
84326400	2.81
84412800	4.11
84499200	1.11
84585600	2.23
84672000	0.19
84758400	0.44
84844800	0.37
84931200	3.94
85017600	0.53
85104000	3.12
85190400	4.87
85276800	0.4
85363200	4.36
85449600	0.53
85536000	2.15
85622400	1.7
85708800	6.41
85795200	5.21
85881600	2
85968000	0.62
86054400	1.38
86140800	2.55
86227200	0.57
86313600	1.17
86400000	0.22
86486400	3.33
86572800	7.08
86659200	0.76
86745600	0.84
86832000	5.55
86918400	1.15
87004800	0.93
87091200	8.84
87177600	1.37
87264000	2.34
87350400	0.52
87436800	0.33
87523200	0.35
87609600	2.2
87696000	0.23
87782400	0.91
87868800	0.87
87955200	1.67
88041600	4.89
88128000	1.51
88214400	0.95
88300800	0.52
88387200	0.57
88473600	9.28
88560000	0.84
88646400	0.77
88732800	4.22
88819200	0.45
88905600	0.35
88992000	14.91
89078400	3.95
89164800	2.13
89251200	0.34
89337600	3.83
89424000	0.48
89510400	1.22
89596800	7.44
89683200	1.02
89769600	0.35
89856000	5.3
89942400	0.27
90028800	1.11
90115200	8.85
90201600	0.88
90288000	1.53
90374400	1.95
90460800	0.93
90547200	2.66
90633600	0.48
90720000	3.22
90806400	0.47
90892800	0.73
90979200	1.3
91065600	0.51
91152000	2.53
91238400	1.63
91324800	1.12
91411200	28.07
91497600	0.45
91584000	5.03
91670400	1.37
91756800	8.86
91843200	0.22
91929600	0.29
92016000	0.62
92102400	0.67
92188800	1.06
92275200	0.3
92361600	0.84
92448000	0.27
92534400	0.79
92620800	0.31
92707200	0.36
92793600	0.34
92880000	0.91
92966400	8.3
93052800	1.45
93139200	2.37
93225600	19.18
93312000	0.87
93398400	0.58
93484800	5.28
93571200	1.51
93657600	4.41
93744000	1.13
93830400	2.5
93916800	3.36
94003200	0.54
94089600	1.33
94176000	0.79
94262400	0.98
94348800	0.22
94435200	1.65
94521600	7.71
94608000	0.8
94694400	2.7
94780800	0.98
94867200	1.68
94953600	0.59
95040000	3.12
95126400	2.23
95212800	1.04
95299200	0.4
95385600	1.31
95472000	1.63
95558400	0.5
95644800	6.62
95731200	1.47
95817600	0.52
95904000	0.26
95990400	1.08
96076800	0.69
96163200	2.24
96249600	0.41
96336000	0.99
96422400	0.91
96508800	0.51
96595200	3.58
96681600	0.97
96768000	0.96
96854400	0.93
96940800	1.33
97027200	0.58
97113600	3.17
97200000	0.99
97286400	0.62
97372800	11.73
97459200	0.77
97545600	0.94
97632000	0.39
97718400	2.72
97804800	2.65
97891200	3.34
97977600	3.02
98064000	0.18
98150400	2.89
98236800	1.55
98323200	0.26
98409600	0.8
98496000	1
98582400	0.44
98668800	2.03
98755200	0.57
98841600	2.25
98928000	21.67
99014400	1.15
99100800	1.71
99187200	0.63
99273600	2.59
99360000	0.98
99446400	3.16
99532800	1.87
99619200	2.19
99705600	0.94
99792000	1.07
99878400	0.94
99964800	0.61
100051200	2.25
100137600	0.75
100224000	5.68
100310400	0.93
100396800	2.53
100483200	0.72
100569600	1.8
100656000	3.29
100742400	0.91
100828800	0.47
100915200	2.7
101001600	1
101088000	3.07
101174400	0.1
101260800	0.6
101347200	0.89
101433600	3.31
101520000	2.33
101606400	0.66
101692800	2.57
101779200	1.2
101865600	1.75
101952000	1.16
102038400	1.59
102124800	0.47
102211200	0.75
102297600	0.52
102384000	1.19
102470400	0.22
102556800	1.4
102643200	0.99
102729600	2.36
102816000	0.93
102902400	2.6
102988800	1.33
103075200	0.48
103161600	1.29
103248000	0.62
103334400	0.3
103420800	1.99
103507200	1.17
103593600	0.9
103680000	0.63
103766400	0.55
103852800	19.57
103939200	14.77
104025600	0.95
104112000	1.12
104198400	1.71
104284800	1.31
104371200	0.39
104457600	1.51
104544000	0.21
104630400	1.49
104716800	7.38
104803200	0.22
104889600	0.74
104976000	0.84
105062400	1.64
105148800	0.6
105235200	1.85
105321600	1.27
105408000	5.9
105494400	0.75
105580800	5.67
105667200	0.78
105753600	2.98
105840000	0.8
105926400	0.83
106012800	0.67
106099200	1.46
106185600	8.7
106272000	0.76
106358400	0.42
106444800	3.64
106531200	0.22
106617600	0.33
106704000	6.08
106790400	5.52
106876800	1.12
106963200	0.51
107049600	29.12
107136000	2.51
107222400	0.2
107308800	1.14
107395200	0.16
107481600	0.65
107568000	7.13
107654400	17.69
107740800	0.72
107827200	1.78
107913600	0.14
108000000	2.73
108086400	0.5
108172800	1.98
108259200	6.63
108345600	1.66
108432000	3.22
108518400	0.41
108604800	0.98
108691200	0.35
108777600	0.26
108864000	0.37
108950400	0.22
109036800	0.96
109123200	40
109209600	0.46
109296000	1.23
109382400	0.06
109468800	6.28
109555200	0.86
109641600	3.39
109728000	0.36
109814400	0.63
109900800	1.27
109987200	3.89
110073600	0.18
110160000	3.84
110246400	1.54
110332800	0.26
110419200	0.49
110505600	1.44
110592000	28.75
110678400	1.92
110764800	2.99
110851200	1.63
110937600	1.22
111024000	0.58
111110400	2.01
111196800	0.23
111283200	0.19
111369600	0.95
111456000	0.59
111542400	0.83
111628800	1.94
111715200	2.13
111801600	1.94
111888000	1.14
111974400	1.14
112060800	1.25
112147200	0.94
112233600	1.91
112320000	9.53
112406400	0.73
112492800	0.26
112579200	1.32
112665600	0.55
112752000	0.38
112838400	1.88
112924800	0.59
113011200	40
113097600	0.42
113184000	0.51
113270400	7.62
113356800	0.88
113443200	0.6
113529600	0.69
113616000	0.39
113702400	1.29
113788800	2.06
113875200	2.27
113961600	0.38
114048000	1.69
114134400	2.33
114220800	1.45
114307200	16.81
114393600	0.33
114480000	2
114566400	1.48
114652800	0.43
114739200	3.13
114825600	0.85
114912000	0.6
114998400	1.88
115084800	0.26
115171200	3.56
115257600	5.33
115344000	1.37
115430400	1.2
115516800	2.24
115603200	2.9
115689600	0.89
115776000	0.35
115862400	3.75
115948800	1.1
116035200	1.07
116121600	0.91
116208000	2.08
116294400	40
116380800	4.3
116467200	0.71
116553600	0.38
116640000	2.92
116726400	1.15
116812800	0.3
116899200	0.46
116985600	3.43
117072000	0.48
117158400	0.9
117244800	0.36
117331200	1.56
117417600	0.43
117504000	2.77
117590400	0.39
117676800	6.41
117763200	0.78
117849600	0.27
117936000	0.24
118022400	1.76
118108800	0.49
118195200	7.16
118281600	4.4
118368000	0.84
118454400	0.11
118540800	1.31
118627200	1.05
118713600	1.16
118800000	2.16
118886400	0.4
118972800	4.44
119059200	5.67
119145600	0.55
119232000	1.12
119318400	0.57
119404800	0.65
119491200	0.95
119577600	0.65
119664000	12.32
119750400	0.93
119836800	0.29
119923200	0.61
120009600	1.06
120096000	17.57
120182400	0.76
120268800	0.97
120355200	0.73
120441600	0.2
120528000	1.48
120614400	0.3
120700800	0.61
120787200	2.28
120873600	0.57
120960000	0.45
121046400	0.73
121132800	0.89
121219200	4.57
121305600	0.81
121392000	3.03
121478400	1.3
121564800	0.51
121651200	0.78
121737600	10.83
121824000	0.73
121910400	0.14
121996800	0.9
122083200	2.73
122169600	0.92
122256000	1.08
122342400	0.97
122428800	4.56
122515200	0.89
122601600	2.16
122688000	1.46
122774400	7.61
122860800	3.67
122947200	0.33
123033600	0.43
123120000	6.33
123206400	7.23
123292800	0.68
123379200	2.53
123465600	0.4
123552000	0.82
123638400	1.2
123724800	4.23
123811200	0.73
123897600	0.43
123984000	0.56
124070400	7.23
124156800	2.77
124243200	1.1
124329600	0.54
124416000	1.38
124502400	1.3
124588800	1.28
124675200	0.99
124761600	0.67
124848000	0.37
124934400	5.38
125020800	0.88
125107200	0.7
125193600	1.8
125280000	4.7
125366400	9.21
125452800	0.32
125539200	3.46
125625600	0.6
125712000	0.35
125798400	0.63
125884800	1.33
125971200	2.34
126057600	0.73
126144000	16.93
126230400	0.34
126316800	0.88
126403200	0.33
126489600	0.78
126576000	0.32
126662400	0.83
126748800	0.31
126835200	0.44
126921600	0.31
127008000	1.51
127094400	0.61
127180800	2.09
127267200	1.03
127353600	1.7
127440000	2.39
127526400	3.48
127612800	0.6
127699200	0.1
127785600	0.99
127872000	0.56
127958400	0.56
128044800	5.42
128131200	0.48
128217600	20.13
128304000	0.61
128390400	1.4
128476800	7.01
128563200	5.87
128649600	0.56
128736000	1.34
128822400	0.38
128908800	1.23
128995200	0.09
129081600	0.46
129168000	0.6
129254400	3.91
129340800	1.06
129427200	0.58
129513600	0.94
129600000	3.25
129686400	3.8
129772800	26.43
129859200	0.42
129945600	2
130032000	1.33
130118400	0.33
130204800	0.52
130291200	1.3
130377600	0.44
130464000	1.68
130550400	2.51
130636800	0.84
130723200	2.32
130809600	6.96
130896000	0.67
130982400	7.46
131068800	0.67
131155200	2.41
131241600	1.94
131328000	1.5
131414400	3.58
131500800	1.81
131587200	0.17
131673600	0.83
131760000	0.57
131846400	3.28
131932800	5.25
132019200	0.38
132105600	1.18
132192000	0.63
132278400	1.38
132364800	1.37
132451200	0.57
132537600	3.55
132624000	0.36
132710400	0.47
132796800	2.09
132883200	3.57
132969600	0.96
133056000	8.32
133142400	0.14
133228800	0.14
133315200	1.69
133401600	2.04
133488000	1.72
133574400	5.23
133660800	0.67
133747200	1.49
133833600	0.57
133920000	0.58
134006400	1.1
134092800	0.76
134179200	3.49
134265600	1.41
134352000	1.04
134438400	0.61
134524800	1.26
134611200	0.64
134697600	0.89
134784000	0.87
134870400	3.03
134956800	1.3
135043200	0.39
135129600	1.67
135216000	0.32
135302400	2.52
135388800	2.8
135475200	0.94
135561600	3.39
135648000	6.51
135734400	0.47
135820800	0.22
135907200	3.66
135993600	2.26
136080000	3.8
136166400	0.53
136252800	3.58
136339200	2.01
136425600	1.99
136512000	16.56
136598400	0.23
136684800	0.61
136771200	0.72
136857600	0.95
136944000	0.79
137030400	0.38
137116800	3.01
137203200	2.08
137289600	2.59
137376000	0.69
137462400	2.42
137548800	0.18
137635200	1.05
137721600	1.93
137808000	1.66
137894400	1.1
137980800	0.45
138067200	0.81
138153600	2.35
138240000	5.43
138326400	1.49
138412800	1.23
138499200	1.92
138585600	1.83
138672000	2.99
138758400	11.4
138844800	0.41
138931200	7.98
139017600	1.02
139104000	2.13
139190400	2.54
139276800	1.16
139363200	1.94
139449600	1.84
139536000	0.51
139622400	0.35
139708800	1.57
139795200	3.65
139881600	1.4
139968000	2.66
140054400	0.84
140140800	0.69
140227200	8.43
140313600	0.86
140400000	0.26
140486400	1.37
140572800	1.35
140659200	1.39
140745600	0.2
140832000	1.47
140918400	0.61
141004800	1.78
141091200	0.7
141177600	0.43
141264000	6.78
141350400	0.73
141436800	0.94
141523200	1.28
141609600	9.66
141696000	1.03
141782400	6.94
141868800	1.68
141955200	7.46
142041600	0.61
142128000	0.61
142214400	6.75
142300800	0.54
142387200	0.4
142473600	2.22
142560000	0.37
142646400	0.98
142732800	0.52
142819200	1.11
142905600	1.47
142992000	0.27
143078400	0.91
143164800	0.88
143251200	1.72
143337600	0.47
143424000	3.79
143510400	6.1
143596800	2.65
143683200	0.17
143769600	3.9
143856000	1.49
143942400	0.28
144028800	2.22
144115200	40
144201600	1.7
144288000	1.37
144374400	3.59
144460800	0.71
144547200	0.42
144633600	4.94
144720000	2.26
144806400	0.47
144892800	2.25
144979200	24.23
145065600	0.41
145152000	3.11
145238400	0.76
145324800	0.91
145411200	1.07
145497600	0.29
145584000	0.47
145670400	0.69
145756800	0.48
145843200	22.39
145929600	2.57
146016000	0.59
146102400	0.34
146188800	28.22
146275200	0.46
146361600	2.46
146448000	1.92
146534400	0.33
146620800	0.39
146707200	2.7
146793600	2.34
146880000	2.39
146966400	0.94
147052800	0.45
147139200	1.07
147225600	1.06
147312000	2.93
147398400	2.34
147484800	0.48
147571200	3.48
147657600	0.4
147744000	0.2
147830400	0.74
147916800	2.37
148003200	0.13
148089600	5.56
148176000	0.56
148262400	3.03
148348800	1
148435200	4.54
148521600	4.88
148608000	1.13
148694400	1.18
148780800	4.01
148867200	0.93
148953600	0.2
149040000	15.82
149126400	0.2
149212800	2.72
149299200	0.47
149385600	1.15
149472000	0.63
149558400	1.01
149644800	0.56
149731200	1.49
149817600	1.87
149904000	1.21
149990400	1.08
150076800	1.94
150163200	3.87
150249600	1.04
150336000	0.69
150422400	0.42
150508800	0.49
150595200	1.04
150681600	0.87
150768000	1.01
150854400	0.78
150940800	0.57
151027200	0.43
151113600	0.42
151200000	1.64
151286400	0.79
151372800	1.97
151459200	0.95
151545600	2.11
151632000	40
151718400	0.72
151804800	2.06
151891200	2.47
151977600	0.75
152064000	0.59
152150400	0.23
152236800	1.25
152323200	0.93
152409600	0.14
152496000	0.82
152582400	0.37
152668800	2.25
152755200	1.8
152841600	1.79
152928000	6.17
153014400	2.34
153100800	2.31
153187200	1.71
153273600	2.4
153360000	0.95
153446400	0.35
153532800	0.33
153619200	12.37
153705600	0.75
153792000	2.55
153878400	1.49
153964800	0.27
154051200	0.55
154137600	0.31
154224000	0.64
154310400	0.81
154396800	1.49
154483200	0.48
154569600	0.63
154656000	2.26
154742400	0.68
154828800	0.55
154915200	0.76
155001600	0.42
155088000	4.63
155174400	0.95
155260800	0.43
155347200	1.19
155433600	0.5
155520000	1.08
155606400	1.28
155692800	2.91
155779200	0.66
155865600	0.73
155952000	1.11
156038400	0.47
156124800	0.38
156211200	0.98
156297600	2.75
156384000	5.62
156470400	0.26
156556800	1.37
156643200	0.59
156729600	2.63
156816000	4.84
156902400	0.91
156988800	0.45
157075200	1.21
157161600	0.4
157248000	1.63
157334400	0.8
157420800	3.39
157507200	1.19
157593600	1.44
