      0.00       0.20
  86400.00       0.10
 172800.00       0.20
 259200.00       0.00
 345600.00       4.58
 432000.00      12.95
 518400.00       1.30
 604800.00       1.10
 691200.00       0.00
 777600.00      12.85
 864000.00       5.28
 950400.00       3.99
1036800.00      11.86
1123200.00       5.18
1209600.00       0.00
1296000.00       7.37
1382400.00       4.48
1468800.00       1.20
1555200.00       1.69
1641600.00       1.79
1728000.00       0.90
1814400.00       0.60
1900800.00       0.40
1987200.00       0.60
2073600.00       5.88
2160000.00       0.60
2246400.00       0.10
2332800.00       0.00
2419200.00       0.00
2505600.00       0.00
2592000.00       0.00
2678400.00       1.70
2764800.00      10.32
2851200.00       0.00
2937600.00       0.10
3024000.00       0.20
3110400.00       0.90
3196800.00       3.10
3283200.00       0.00
3369600.00       7.11
3456000.00       4.41
3542400.00       0.10
3628800.00       1.00
3715200.00       0.90
3801600.00       3.00
3888000.00       5.61
3974400.00       8.21
4060800.00       1.80
4147200.00       0.40
4233600.00       3.61
4320000.00       8.41
4406400.00       1.50
4492800.00       0.00
4579200.00       0.00
4665600.00       0.00
4752000.00       0.00
4838400.00       0.00
4924800.00       3.51
5011200.00       0.20
5097600.00       0.00
5184000.00       0.00
5270400.00       0.00
5356800.00       0.00
5443200.00       0.70
5529600.00       0.10
5616000.00       0.00
5702400.00       3.89
5788800.00       1.89
5875200.00       3.09
5961600.00       3.29
6048000.00       3.99
6134400.00       8.48
6220800.00       8.18
6307200.00       0.10
6393600.00       0.50
6480000.00       0.00
6566400.00       0.00
6652800.00       0.00
6739200.00       2.79
6825600.00       0.90
6912000.00      13.76
6998400.00       0.60
7084800.00       1.70
7171200.00       4.99
7257600.00       0.50
7344000.00      13.07
7430400.00       2.39
7516800.00       0.00
7603200.00       0.00
7689600.00       0.00
7776000.00       0.00
7862400.00       0.00
7948800.00       0.00
8035200.00       0.00
8121600.00       0.00
8208000.00       0.00
8294400.00       0.00
8380800.00       0.00
8467200.00       0.00
8553600.00       0.90
8640000.00       0.40
8726400.00       8.20
8812800.00       0.20
8899200.00      10.00
8985600.00       6.30
9072000.00       0.20
9158400.00       0.30
9244800.00       1.40
9331200.00       0.00
9417600.00       6.00
9504000.00       3.60
9590400.00       2.40
9676800.00       0.00
9763200.00       4.80
9849600.00       0.00
9936000.00       0.00
10022400.00       0.00
10108800.00       0.00
10195200.00       0.00
10281600.00       0.00
10368000.00       0.20
10454400.00       0.00
10540800.00       0.30
10627200.00       0.10
10713600.00       0.00
10800000.00       0.00
10886400.00       3.11
10972800.00       2.21
11059200.00       0.10
11145600.00       0.00
11232000.00       2.71
11318400.00       0.70
11404800.00       1.91
11491200.00       0.30
11577600.00       0.00
11664000.00       0.00
11750400.00      11.73
11836800.00       0.00
11923200.00       0.00
12009600.00       0.00
12096000.00       8.02
12182400.00       0.00
12268800.00       0.90
12355200.00       3.71
12441600.00       2.31
12528000.00       0.00
12614400.00       0.00
12700800.00       0.00
12787200.00       0.00
12873600.00       0.00
12960000.00       0.00
13046400.00       0.00
13132800.00       0.00
13219200.00       0.00
13305600.00       0.00
13392000.00       0.00
13478400.00       0.00
13564800.00       0.00
13651200.00       0.00
13737600.00       0.00
13824000.00       0.00
13910400.00       0.00
13996800.00       0.40
14083200.00       0.00
14169600.00       7.60
14256000.00      14.30
14342400.00      14.80
14428800.00       0.00
14515200.00       9.70
14601600.00       0.00
14688000.00       0.00
14774400.00       0.00
14860800.00       0.00
14947200.00       0.30
15033600.00       0.00
15120000.00       0.00
15206400.00       0.00
15292800.00       0.00
15379200.00       0.00
15465600.00       0.00
15552000.00       0.00
15638400.00       0.40
15724800.00       1.80
15811200.00       0.00
