      0.00       0.02
  86400.00       0.65
 172800.00       0.07
 259200.00       0.31
 345600.00       0.15
 432000.00       1.69
 518400.00       0.21
 604800.00       0.48
 691200.00       0.27
 777600.00       0.13
 864000.00       0.22
 950400.00       0.08
1036800.00       1.16
1123200.00       0.13
1209600.00       5.12
1296000.00       1.08
1382400.00       5.47
1468800.00       4.37
1555200.00       0.07
1641600.00       0.06
1728000.00      17.12
1814400.00       0.48
1900800.00       1.05
1987200.00       1.08
2073600.00       1.16
2160000.00       0.78
2246400.00       0.05
2332800.00       0.09
2419200.00       0.02
2505600.00       0.74
2592000.00       2.83
2678400.00       6.25
2764800.00       0.88
2851200.00       0.74
2937600.00       2.97
3024000.00       0.21
3110400.00       0.29
3196800.00       0.25
3283200.00       0.15
3369600.00       7.07
3456000.00       0.32
3542400.00       0.09
3628800.00       0.15
3715200.00       4.51
3801600.00       9.22
3888000.00       4.70
3974400.00       5.10
4060800.00       0.59
4147200.00       6.19
4233600.00       1.44
4320000.00       0.45
4406400.00       0.82
4492800.00       4.19
4579200.00       2.14
4665600.00       0.17
4752000.00       1.22
4838400.00       0.39
4924800.00       3.99
5011200.00       0.25
5097600.00       0.63
5184000.00       0.28
5270400.00       0.21
5356800.00       0.12
5443200.00       0.26
5529600.00       1.39
5616000.00       2.24
5702400.00       2.37
5788800.00       0.93
5875200.00       3.35
5961600.00       2.61
6048000.00       0.10
6134400.00       0.14
6220800.00       0.12
6307200.00       0.01
6393600.00       0.04
6480000.00       0.00
6566400.00       0.00
6652800.00       0.00
6739200.00       0.02
6825600.00       0.01
6912000.00       0.22
6998400.00       3.24
7084800.00       0.47
7171200.00       0.34
7257600.00      11.84
7344000.00       3.45
7430400.00       0.17
7516800.00       0.67
7603200.00       0.61
7689600.00       4.10
7776000.00       0.08
7862400.00       0.00
7948800.00       0.00
8035200.00       0.00
8121600.00       2.41
8208000.00       4.71
8294400.00       0.12
8380800.00       0.33
8467200.00       0.68
8553600.00       0.03
8640000.00       0.03
8726400.00       2.84
8812800.00       2.27
8899200.00       0.01
8985600.00       3.55
9072000.00       0.59
9158400.00       0.09
9244800.00       0.08
9331200.00       1.28
9417600.00       0.09
9504000.00       0.66
9590400.00       0.21
9676800.00       0.39
9763200.00       0.14
9849600.00       0.02
9936000.00       0.00
10022400.00       0.05
10108800.00       0.03
10195200.00       0.03
10281600.00       0.01
10368000.00       0.11
10454400.00       0.05
10540800.00       0.99
10627200.00       0.30
10713600.00       0.05
10800000.00       0.02
10886400.00       0.26
10972800.00       0.05
11059200.00       0.10
11145600.00       0.04
11232000.00       0.11
11318400.00       0.05
11404800.00       0.00
11491200.00       0.00
11577600.00       1.87
11664000.00       0.94
11750400.00       0.74
11836800.00       4.66
11923200.00       0.16
12009600.00       0.04
12096000.00       3.49
12182400.00       0.21
12268800.00       0.42
12355200.00       5.99
12441600.00       0.24
12528000.00       0.06
12614400.00       0.00
12700800.00       0.00
12787200.00       0.00
12873600.00       4.91
12960000.00       1.79
13046400.00       0.02
13132800.00       1.52
13219200.00       0.03
13305600.00       0.01
13392000.00       0.00
13478400.00       0.00
13564800.00       0.03
13651200.00       0.00
13737600.00       0.00
13824000.00       0.02
13910400.00       0.05
13996800.00       0.02
14083200.00       0.00
14169600.00       0.25
14256000.00       0.02
14342400.00       2.91
14428800.00       0.50
14515200.00       3.70
14601600.00      12.01
14688000.00       0.05
14774400.00       6.53
14860800.00       0.19
14947200.00       0.02
15033600.00       0.34
15120000.00       5.17
15206400.00       5.88
15292800.00       0.66
15379200.00       0.29
15465600.00       0.05
15552000.00       0.01
15638400.00       0.14
15724800.00       0.76
15811200.00       0.18
15897600.00       0.55
15984000.00       0.04
